
File: raw/L1B_Catalogue/2017-11/11/H18/2017-11.11.H18.kmz
-46.007217 46.422997 0
-46.029980 46.369385 0
-46.052700 46.315773 0
-46.075375 46.262154 0
-46.098007 46.208534 0
-46.120598 46.154907 0
-46.143143 46.101276 0
-46.165646 46.047646 0

File: raw/L1B_Catalogue/2017-11/26/H18/2017-11.26.H18.kmz
-47.286785 47.963322 0
-47.306595 47.908924 0
-47.326370 47.854523 0
-47.346115 47.800117 0
-47.365829 47.745712 0
-47.385517 47.691299 0
-47.405174 47.636887 0
-47.424801 47.582474 0
-47.444397 47.528057 0
-47.463963 47.473637 0
-47.483498 47.419216 0
-47.503006 47.364792 0
-47.522480 47.310368 0
-47.541927 47.255939 0
-47.561344 47.201508 0
-47.580730 47.147068 0
-47.600090 47.092628 0
-47.619415 47.038189 0
-47.638714 46.983742 0
-47.657982 46.929298 0
-47.677223 46.874847 0
-47.696434 46.820396 0
-47.715618 46.765942 0
-47.734772 46.711487 0
-47.753899 46.657028 0
-47.772995 46.602562 0
-47.792068 46.548096 0
-47.811111 46.493626 0
-47.830128 46.439156 0
-47.849113 46.384682 0
-47.868073 46.330208 0
-47.887005 46.275730 0
-47.905907 46.221252 0
-47.924782 46.166775 0
-47.943630 46.112293 0
-47.962452 46.057808 0
-47.981243 46.003323 0

File: raw/L1B_Catalogue/2017-11/01/H06/2017-11.01.H06.kmz
-47.161922 46.045818 0
-47.180279 46.100060 0
-47.198658 46.154301 0
-47.217068 46.208538 0
-47.235500 46.262775 0
-47.253960 46.317013 0
-47.272442 46.371246 0
-47.290955 46.425480 0
-47.309494 46.479713 0
-47.328060 46.533947 0
-47.346653 46.588177 0
-47.365273 46.642410 0
-47.383923 46.696644 0
-47.402599 46.750874 0
-47.421303 46.805103 0
-47.440033 46.859329 0
-47.458790 46.913559 0
-47.477573 46.967785 0
-47.496384 47.022007 0
-47.515224 47.076233 0
-47.534092 47.130455 0
-47.552986 47.184681 0
-47.571907 47.238903 0
-47.590855 47.293125 0
-47.609833 47.347347 0
-47.628838 47.401569 0
-47.647873 47.455788 0
-47.666935 47.510006 0
-47.686024 47.564220 0
-47.705147 47.618435 0
-47.724297 47.672649 0
-47.743477 47.726864 0
-47.762688 47.781075 0
-47.781929 47.835285 0
-47.801201 47.889496 0
-47.820499 47.943703 0
-47.839832 47.997910 0

File: raw/L1B_Catalogue/2017-11/06/H18/2017-11.06.H18.kmz
-47.300735 47.979164 0
-47.323658 47.925602 0
-47.346539 47.872036 0
-47.369373 47.818462 0
-47.392166 47.764889 0
-47.414913 47.711311 0
-47.437618 47.657730 0
-47.460278 47.604145 0
-47.482895 47.550556 0
-47.505466 47.496967 0
-47.527996 47.443375 0
-47.550484 47.389778 0
-47.572929 47.336174 0
-47.595333 47.282570 0
-47.617691 47.228966 0
-47.640011 47.175358 0
-47.662285 47.121746 0
-47.684521 47.068134 0
-47.706711 47.014519 0
-47.728859 46.960899 0
-47.750969 46.907280 0
-47.773037 46.853657 0
-47.795063 46.800026 0
-47.817051 46.746395 0
-47.838997 46.692760 0
-47.860901 46.639126 0
-47.882767 46.585487 0
-47.904587 46.531845 0
-47.926369 46.478203 0
-47.948112 46.424557 0
-47.969814 46.370911 0
-47.991474 46.317257 0

File: raw/L1B_Catalogue/2017-11/25/H18/2017-11.25.H18.kmz
-46.010815 47.051514 0
-46.025764 46.997696 0
-46.040703 46.943874 0
-46.055630 46.890049 0
-46.070541 46.836220 0
-46.085442 46.782391 0
-46.100330 46.728554 0
-46.115208 46.674717 0
-46.130074 46.620876 0
-46.144928 46.567032 0
-46.159771 46.513180 0
-46.174603 46.459328 0
-46.189426 46.405468 0
-46.204235 46.351604 0
-46.219036 46.297737 0
-46.233826 46.243866 0
-46.248600 46.189995 0
-46.263367 46.136116 0
-46.278122 46.082237 0
-46.292866 46.028351 0

File: raw/L1B_Catalogue/2017-11/12/H18/2017-11.12.H18.kmz
-47.847977 47.887882 0

File: raw/L1B_Catalogue/2017-11/12/H06/2017-11.12.H06.kmz
-46.226604 46.023483 0
-46.240749 46.078011 0
-46.254902 46.132542 0
-46.269066 46.187069 0
-46.283241 46.241592 0
-46.297424 46.296124 0
-46.311615 46.350651 0
-46.325813 46.405174 0
-46.340023 46.459702 0
-46.354240 46.514225 0
-46.368469 46.568748 0
-46.382706 46.623272 0
-46.396950 46.677795 0
-46.411205 46.732319 0
-46.425472 46.786839 0
-46.439747 46.841362 0
-46.454033 46.895885 0
-46.468330 46.950409 0
-46.482635 47.004932 0
-46.496948 47.059452 0
-46.511272 47.113972 0
-46.525608 47.168491 0
-46.539955 47.223011 0
-46.554310 47.277527 0
-46.568676 47.332043 0
-46.583050 47.386559 0
-46.597439 47.441074 0
-46.611835 47.495590 0
-46.626244 47.550102 0
-46.640663 47.604614 0
-46.655090 47.659126 0
-46.669533 47.713634 0
-46.683983 47.768147 0
-46.698444 47.822655 0
-46.712917 47.877159 0
-46.727402 47.931671 0
-46.741898 47.986179 0

File: raw/L1B_Catalogue/2017-11/15/H06/2017-11.15.H06.kmz
-46.012691 47.531792 0
-46.038437 47.584366 0
-46.064228 47.636929 0
-46.090069 47.689480 0
-46.115955 47.742023 0
-46.141888 47.794552 0
-46.167870 47.847069 0
-46.193901 47.899578 0
-46.219978 47.952072 0

File: raw/L1B_Catalogue/2017-11/16/H06/2017-11.16.H06.kmz
-46.005363 46.933666 0
-46.025097 46.987446 0
-46.044865 47.041222 0
-46.064663 47.095001 0
-46.084492 47.148781 0
-46.104355 47.202560 0
-46.124249 47.256340 0
-46.144176 47.310116 0
-46.164135 47.363892 0
-46.184128 47.417664 0
-46.204151 47.471439 0
-46.224209 47.525211 0
-46.244301 47.578983 0
-46.264427 47.632751 0
-46.284584 47.686523 0
-46.304779 47.740295 0
-46.325005 47.794064 0
-46.345268 47.847828 0
-46.365562 47.901596 0
-46.385891 47.955360 0

File: raw/L1B_Catalogue/2016-03/02/H00/2016-03.02.H00.kmz
-47.633152 46.004227 0
-47.655701 46.057884 0
-47.678288 46.111538 0
-47.700912 46.165180 0
-47.723576 46.218815 0
-47.746277 46.272442 0
-47.769016 46.326061 0
-47.791798 46.379677 0
-47.814617 46.433281 0
-47.837479 46.486877 0
-47.860378 46.540470 0
-47.883320 46.594055 0
-47.906303 46.647633 0
-47.929325 46.701202 0
-47.952389 46.754761 0
-47.975491 46.808315 0
-47.998634 46.861862 0

File: raw/L1B_Catalogue/2016-03/02/H18/2016-03.02.H18.kmz
-46.063538 47.988464 0
-46.085529 47.935211 0
-46.107483 47.881950 0
-46.129395 47.828690 0
-46.151272 47.775425 0
-46.173107 47.722157 0
-46.194904 47.668884 0
-46.216663 47.615612 0
-46.238384 47.562336 0
-46.260067 47.509052 0
-46.281712 47.455769 0
-46.303322 47.402477 0
-46.324898 47.349186 0
-46.346432 47.295887 0
-46.367931 47.242588 0
-46.389393 47.189285 0
-46.410816 47.135979 0
-46.432205 47.082672 0
-46.453556 47.029362 0
-46.474869 46.976048 0
-46.496147 46.922729 0
-46.517387 46.869408 0
-46.538593 46.816082 0
-46.559761 46.762753 0
-46.580891 46.709423 0
-46.601986 46.656090 0
-46.623047 46.602757 0
-46.644070 46.549419 0
-46.665058 46.496078 0
-46.686008 46.442734 0
-46.706928 46.389389 0
-46.727810 46.336037 0
-46.748661 46.282684 0
-46.769474 46.229324 0
-46.790253 46.175968 0
-46.811001 46.122604 0
-46.831711 46.069241 0
-46.852383 46.015877 0

File: raw/L1B_Catalogue/2017-01/24/H00/2017-01.24.H00.kmz
-46.299774 47.006519 0

File: raw/L1B_Catalogue/2017-01/24/H18/2017-01.24.H18.kmz
-46.753395 47.973682 0
-46.769863 47.918434 0
-46.786316 47.863186 0
-46.802746 47.807938 0
-46.819160 47.752686 0
-46.835556 47.697437 0
-46.851933 47.642185 0
-46.868294 47.586933 0
-46.884640 47.531685 0
-46.900967 47.476429 0
-46.917278 47.421177 0
-46.933575 47.365925 0
-46.949852 47.310669 0
-46.966114 47.255417 0
-46.982357 47.200165 0
-46.998585 47.144909 0
-47.014793 47.089657 0
-47.030987 47.034401 0
-47.047157 46.979149 0
-47.063316 46.923889 0
-47.079456 46.868633 0
-47.095581 46.813374 0
-47.111683 46.758114 0
-47.127773 46.702858 0
-47.143841 46.647602 0
-47.159897 46.592342 0
-47.175930 46.537086 0
-47.191952 46.481831 0
-47.207954 46.426575 0
-47.239914 46.316059 0
-47.255867 46.260803 0
-47.271805 46.205547 0
-47.287727 46.150295 0
-47.303631 46.095039 0

File: raw/L1B_Catalogue/2016-01/22/H00/2016-01.22.H00.kmz
-46.394787 46.043549 0
-46.411633 46.097649 0
-46.428493 46.151749 0
-46.445374 46.205849 0
-46.462276 46.259949 0
-46.479195 46.314049 0
-46.496136 46.368149 0
-46.513096 46.422249 0
-46.530075 46.476345 0
-46.547077 46.530445 0
-46.564098 46.584541 0
-46.581139 46.638641 0
-46.598202 46.692738 0
-46.615284 46.746838 0
-46.632389 46.800934 0
-46.649509 46.855030 0
-46.666656 46.909126 0
-46.683819 46.963219 0
-46.701004 47.017315 0
-46.718212 47.071407 0
-46.735439 47.125500 0
-46.752689 47.179596 0
-46.769962 47.233688 0
-46.787254 47.287785 0
-46.804569 47.341877 0
-46.821903 47.395966 0
-46.839260 47.450058 0
-46.856636 47.504147 0
-46.874035 47.558235 0
-46.891457 47.612328 0
-46.908897 47.666412 0
-46.926365 47.720505 0
-46.943851 47.774593 0
-46.961361 47.828682 0
-46.978893 47.882771 0
-46.996449 47.936859 0
-47.014023 47.990944 0

File: raw/L1B_Catalogue/2015-09/16/H00/2015-09.16.H00.kmz
-46.009388 47.263390 0
-46.027637 47.315853 0
-46.045910 47.368305 0
-46.064205 47.420750 0
-46.082523 47.473183 0
-46.100861 47.525608 0
-46.119221 47.578022 0
-46.137604 47.630428 0
-46.156010 47.682823 0
-46.174435 47.735210 0
-46.192886 47.787590 0
-46.211361 47.839958 0
-46.229858 47.892315 0
-46.248375 47.944664 0
-46.266918 47.997005 0

File: raw/L1B_Catalogue/2018-07/08/H18/2018-07.08.H18.kmz
-46.023251 47.550972 0
-46.048088 47.498623 0
-46.072872 47.446270 0
-46.097610 47.393909 0
-46.122303 47.341541 0
-46.146950 47.289169 0
-46.171551 47.236790 0
-46.196102 47.184406 0
-46.220604 47.132019 0
-46.245060 47.079624 0
-46.269466 47.027225 0
-46.293827 46.974823 0
-46.318134 46.922413 0
-46.342400 46.869995 0
-46.366615 46.817574 0
-46.390781 46.765144 0
-46.414902 46.712711 0
-46.438972 46.660271 0
-46.462997 46.607830 0
-46.486973 46.555382 0
-46.510906 46.502926 0
-46.534794 46.450466 0
-46.558632 46.398003 0
-46.582428 46.345535 0
-46.606178 46.293056 0
-46.629887 46.240570 0
-46.653545 46.188084 0
-46.677162 46.135593 0
-46.700737 46.083096 0
-46.724266 46.030594 0

File: raw/L1B_Catalogue/2018-07/03/H18/2018-07.03.H18.kmz
-46.392696 47.952042 0
-46.418762 47.900063 0
-46.444782 47.848072 0
-46.470749 47.796078 0
-46.496662 47.744072 0
-46.522526 47.692059 0
-46.548340 47.640034 0
-46.574097 47.588005 0
-46.599808 47.535961 0
-46.625465 47.483910 0
-46.651073 47.431854 0
-46.676628 47.379787 0
-46.702133 47.327709 0
-46.727589 47.275627 0
-46.752995 47.223537 0
-46.778351 47.171440 0
-46.803661 47.119335 0
-46.828922 47.067219 0
-46.854137 47.015099 0
-46.879307 46.962967 0
-46.904427 46.910828 0
-46.929497 46.858685 0
-46.954525 46.806530 0
-46.979500 46.754372 0
-47.004429 46.702202 0
-47.029312 46.650024 0
-47.054146 46.597843 0
-47.078930 46.545650 0
-47.103672 46.493446 0
-47.128368 46.441235 0
-47.153015 46.389015 0
-47.177612 46.336788 0
-47.202164 46.284554 0
-47.226669 46.232311 0
-47.251125 46.180065 0
-47.275539 46.127808 0
-47.299904 46.075546 0
-47.324223 46.023277 0

File: raw/L1B_Catalogue/2018-07/03/H06/2018-07.03.H06.kmz
-46.550838 46.939140 0
-46.568851 46.993843 0
-46.586891 47.048546 0
-46.604958 47.103245 0
-46.623043 47.157944 0
-46.641159 47.212643 0
-46.659298 47.267342 0
-46.677464 47.322037 0
-46.695652 47.376728 0
-46.713863 47.431423 0
-46.732098 47.486111 0
-46.750359 47.540802 0
-46.768646 47.595490 0
-46.786957 47.650173 0
-46.805290 47.704861 0
-46.823650 47.759544 0
-46.842037 47.814232 0
-46.860447 47.868912 0
-46.878880 47.923595 0
-46.897343 47.978275 0

File: raw/L1B_Catalogue/2018-07/09/H06/2018-07.09.H06.kmz
-47.095596 46.023426 0
-47.110912 46.078121 0
-47.126240 46.132816 0
-47.141579 46.187511 0
-47.156933 46.242214 0
-47.172302 46.296913 0
-47.187683 46.351616 0
-47.203075 46.406319 0
-47.218483 46.461021 0
-47.233906 46.515724 0
-47.249340 46.570427 0
-47.264793 46.625134 0
-47.280254 46.679840 0
-47.295734 46.734550 0
-47.311230 46.789261 0
-47.326736 46.843971 0
-47.342258 46.898685 0
-47.357800 46.953400 0
-47.373348 47.008114 0
-47.388916 47.062832 0
-47.404499 47.117546 0
-47.420094 47.172268 0
-47.435703 47.226986 0
-47.451328 47.281708 0
-47.466972 47.336433 0
-47.482628 47.391159 0
-47.498299 47.445889 0
-47.513985 47.500618 0
-47.529686 47.555347 0
-47.545399 47.610077 0
-47.561131 47.664806 0
-47.576878 47.719540 0
-47.592640 47.774273 0
-47.608421 47.829006 0
-47.624214 47.883747 0
-47.640026 47.938484 0
-47.655853 47.993225 0

File: raw/L1B_Catalogue/2018-07/02/H18/2018-07.02.H18.kmz
-47.707680 47.978577 0
-47.726021 47.924477 0
-47.744335 47.870369 0
-47.762627 47.816257 0
-47.780895 47.762138 0
-47.799137 47.708012 0
-47.817360 47.653877 0
-47.835556 47.599731 0
-47.853729 47.545582 0
-47.871876 47.491428 0
-47.890003 47.437263 0
-47.908104 47.383099 0
-47.926182 47.328926 0
-47.944237 47.274746 0
-47.962273 47.220562 0
-47.980282 47.166374 0

File: raw/L1B_Catalogue/2018-07/02/H06/2018-07.02.H06.kmz
-47.148880 46.036491 0
-47.171974 46.089146 0
-47.195110 46.141792 0
-47.218292 46.194435 0
-47.241516 46.247070 0
-47.264786 46.299702 0
-47.288097 46.352329 0
-47.311455 46.404949 0
-47.334858 46.457565 0
-47.358303 46.510178 0
-47.381798 46.562782 0
-47.405338 46.615387 0
-47.428928 46.667988 0
-47.452560 46.720581 0
-47.476238 46.773170 0
-47.499962 46.825752 0
-47.523731 46.878334 0
-47.547543 46.930904 0
-47.571400 46.983475 0
-47.595299 47.036037 0
-47.619244 47.088593 0
-47.643230 47.141151 0
-47.667263 47.193699 0
-47.691338 47.246246 0
-47.715454 47.298782 0
-47.739620 47.351315 0
-47.763832 47.403843 0
-47.788086 47.456360 0
-47.812393 47.508877 0
-47.836746 47.561382 0
-47.861149 47.613884 0
-47.885601 47.666386 0
-47.910103 47.718876 0
-47.934654 47.771358 0
-47.959255 47.823837 0
-47.983906 47.876308 0

File: raw/L1B_Catalogue/2018-07/28/H06/2018-07.28.H06.kmz
-46.682198 46.027287 0
-46.703251 46.079620 0
-46.724354 46.131958 0
-46.745499 46.184296 0
-46.766685 46.236633 0
-46.787918 46.288975 0
-46.809189 46.341316 0
-46.830505 46.393658 0
-46.851860 46.446003 0
-46.873260 46.498348 0
-46.894699 46.550690 0
-47.067734 46.969479 0
-47.089554 47.021828 0
-47.111420 47.074177 0
-47.133331 47.126530 0
-47.155289 47.178886 0
-47.177288 47.231239 0
-47.199333 47.283596 0
-47.221424 47.335953 0
-47.243561 47.388306 0
-47.265739 47.440662 0
-47.287964 47.493019 0
-47.310234 47.545376 0
-47.332546 47.597729 0
-47.354908 47.650085 0
-47.377312 47.702446 0
-47.399765 47.754803 0
-47.422264 47.807159 0
-47.444805 47.859516 0
-47.467396 47.911873 0
-47.490028 47.964230 0

File: raw/L1B_Catalogue/2018-07/12/H18/2018-07.12.H18.kmz
-47.449883 47.995865 0
-47.467606 47.941288 0
-47.485306 47.886715 0
-47.502983 47.832142 0
-47.520638 47.777565 0
-47.538269 47.722992 0
-47.555878 47.668419 0
-47.573463 47.613846 0
-47.591030 47.559269 0
-47.608570 47.504692 0
-47.626091 47.450115 0
-47.643589 47.395538 0
-47.661064 47.340965 0
-47.678520 47.286392 0
-47.695950 47.231819 0
-47.713360 47.177246 0
-47.730751 47.122677 0
-47.748116 47.068108 0
-47.765465 47.013535 0
-47.782791 46.958965 0
-47.800095 46.904396 0
-47.817379 46.849831 0
-47.834641 46.795265 0
-47.851883 46.740700 0
-47.869099 46.686134 0
-47.886299 46.631569 0
-47.903473 46.577003 0
-47.920628 46.522438 0
-47.937763 46.467869 0
-47.954876 46.413300 0
-47.971970 46.358734 0
-47.989040 46.304165 0
-46.000622 46.866169 0
-46.017529 46.813622 0
-46.034416 46.761063 0
-46.051285 46.708496 0
-46.068142 46.655918 0

File: raw/L1B_Catalogue/2018-07/12/H06/2018-07.12.H06.kmz
-46.011066 46.496326 0
-46.035835 46.548183 0
-46.060646 46.600033 0
-46.085506 46.651871 0
-46.110413 46.703701 0
-46.135368 46.755520 0
-46.160370 46.807331 0
-46.185417 46.859131 0
-46.210506 46.910919 0
-46.235645 46.962696 0
-46.260834 47.014462 0
-46.286064 47.066216 0
-46.311340 47.117962 0
-46.336666 47.169697 0
-46.362038 47.221420 0
-46.387459 47.273136 0
-46.412922 47.324841 0
-46.438435 47.376534 0
-46.463997 47.428219 0
-46.489605 47.479889 0
-46.515259 47.531551 0
-46.540962 47.583202 0
-46.566715 47.634842 0
-46.592514 47.686470 0
-46.618366 47.738087 0
-46.644264 47.789700 0
-46.670212 47.841297 0
-46.696213 47.892887 0
-46.040623 46.051857 0
-46.063381 46.103939 0
-46.086185 46.156017 0
-46.109035 46.208092 0
-46.131931 46.260170 0
-46.154877 46.312248 0
-46.177868 46.364326 0
-46.200905 46.416405 0
-46.223991 46.468479 0
-46.247120 46.520557 0
-46.270302 46.572632 0
-46.293526 46.624702 0
-46.316799 46.676773 0
-46.340122 46.728840 0
-46.363491 46.780907 0
-46.386906 46.832970 0
-46.410374 46.885036 0
-46.433887 46.937099 0
-46.457451 46.989159 0
-46.481064 47.041214 0
-46.504723 47.093269 0
-46.528431 47.145321 0
-46.552189 47.197369 0
-46.575993 47.249420 0
-46.599850 47.301464 0
-46.623753 47.353512 0
-46.647709 47.405556 0
-46.671711 47.457600 0
-46.695766 47.509644 0
-46.719868 47.561680 0
-46.744022 47.613720 0
-46.768223 47.665756 0
-46.792477 47.717789 0
-46.816784 47.769817 0
-46.841137 47.821846 0
-46.865547 47.873875 0
-46.890007 47.925900 0
-46.914516 47.977924 0

File: raw/L1B_Catalogue/2018-07/23/H18/2018-07.23.H18.kmz
-46.849106 47.995243 0
-46.870098 47.940823 0
-46.891056 47.886398 0
-46.911980 47.831970 0
-46.932865 47.777538 0
-46.953720 47.723103 0
-46.974545 47.668659 0
-46.995331 47.614212 0
-47.016083 47.559765 0
-47.036804 47.505310 0
-47.057487 47.450855 0
-47.078140 47.396397 0
-47.098759 47.341934 0
-47.119343 47.287468 0
-47.139896 47.232998 0
-47.160412 47.178520 0
-47.180901 47.124043 0
-47.201351 47.069557 0
-47.221771 47.015072 0
-47.242161 46.960583 0
-47.262512 46.906090 0
-47.282833 46.851593 0
-47.303123 46.797092 0
-47.323380 46.742588 0
-47.343605 46.688080 0
-47.363800 46.633568 0
-47.383961 46.579048 0
-47.404091 46.524525 0
-47.424191 46.470001 0
-47.444256 46.415470 0
-47.464294 46.360939 0
-47.484299 46.306404 0
-47.504272 46.251862 0
-47.524212 46.197319 0
-47.544125 46.142776 0
-47.564007 46.088226 0
-47.583858 46.033672 0

File: raw/L1B_Catalogue/2018-07/17/H18/2018-07.17.H18.kmz
-46.017506 46.561314 0
-46.035454 46.506664 0
-46.053375 46.452019 0
-46.071278 46.397369 0
-46.107010 46.288063 0
-46.124844 46.233410 0
-46.142651 46.178761 0
-46.160435 46.124107 0
-46.178196 46.069454 0
-46.195930 46.014801 0

File: raw/L1B_Catalogue/2018-07/17/H06/2018-07.17.H06.kmz
-46.002827 47.280201 0
-46.055691 47.381729 0
-46.082199 47.432472 0
-46.108753 47.483200 0
-46.135361 47.533920 0
-46.162014 47.584621 0
-46.242275 47.736649 0
-46.269127 47.787292 0
-46.296032 47.837925 0
-46.322987 47.888542 0
-46.009464 47.692337 0
-46.034584 47.744511 0
-46.059753 47.796677 0
-46.084976 47.848846 0
-46.110252 47.901009 0
-46.135582 47.953163 0

File: raw/L1B_Catalogue/2018-07/07/H18/2018-07.07.H18.kmz
-46.642727 47.951054 0
-46.660679 47.897652 0
-46.678604 47.844246 0
-46.696510 47.790829 0
-46.714394 47.737408 0
-46.732258 47.683979 0
-46.750099 47.630543 0
-46.767921 47.577095 0
-46.785717 47.523643 0
-46.803497 47.470181 0
-46.821255 47.416710 0
-46.838989 47.363232 0
-46.856705 47.309742 0
-46.874401 47.256248 0
-46.892075 47.202747 0
-46.909725 47.149235 0
-46.927357 47.095715 0
-46.944969 47.042191 0
-46.962559 46.988655 0
-46.980125 46.935112 0
-46.997677 46.881557 0
-47.015205 46.827995 0
-47.032711 46.774426 0
-47.050198 46.720848 0
-47.067665 46.667267 0
-47.085110 46.613674 0
-47.102539 46.560078 0
-47.119942 46.506470 0
-47.137329 46.452858 0
-47.154694 46.399242 0
-47.172043 46.345615 0
-47.189369 46.291981 0
-47.206680 46.238342 0
-47.223969 46.184700 0
-47.241234 46.131046 0
-47.258484 46.077389 0
-47.275711 46.023720 0

File: raw/L1B_Catalogue/2018-07/07/H06/2018-07.07.H06.kmz
-46.376087 46.011757 0
-46.399734 46.064201 0
-46.423424 46.116638 0
-46.447159 46.169067 0
-46.470940 46.221493 0
-46.494762 46.273911 0
-46.518631 46.326321 0
-46.542545 46.378727 0
-46.566502 46.431122 0
-46.590508 46.483513 0
-46.614552 46.535892 0
-46.638645 46.588268 0
-46.662781 46.640636 0
-46.686958 46.692997 0
-46.711185 46.745346 0
-46.735455 46.797691 0
-46.759769 46.850033 0
-46.784126 46.902363 0
-46.808533 46.954685 0
-46.832981 47.007004 0
-46.857475 47.059311 0
-46.882015 47.111610 0
-46.906601 47.163902 0
-46.931232 47.216187 0
-46.955914 47.268459 0
-46.980640 47.320728 0
-47.005417 47.372993 0
-47.030239 47.425247 0
-47.055107 47.477489 0
-47.080025 47.529728 0
-47.104988 47.581959 0
-47.130001 47.634178 0
-47.155064 47.686390 0
-47.180172 47.738594 0
-47.205330 47.790787 0
-47.230534 47.842976 0
-47.255791 47.895157 0
-47.281097 47.947330 0
-47.306454 47.999493 0
-47.260880 46.556137 0
-47.283291 46.607750 0
-47.441498 46.969074 0
-47.464291 47.020691 0
-47.487129 47.072311 0
-47.532955 47.175549 0
-47.648376 47.433666 0
-47.835663 47.846710 0
-47.859306 47.898342 0
-47.882999 47.949978 0

File: raw/L1B_Catalogue/2018-07/29/H06/2018-07.29.H06.kmz
-47.703823 46.045696 0
-47.722301 46.099682 0
-47.740807 46.153664 0
-47.759338 46.207634 0
-47.777889 46.261600 0
-47.796467 46.315559 0
-47.815071 46.369514 0
-47.833698 46.423458 0
-47.852348 46.477398 0
-47.871025 46.531334 0
-47.889725 46.585262 0
-47.908451 46.639183 0
-47.927200 46.693100 0
-47.945972 46.747005 0
-47.964771 46.800903 0
-47.983597 46.854797 0

File: raw/L1B_Catalogue/2016-04/03/H00/2016-04.03.H00.kmz
-47.911774 46.012493 0
-47.927242 46.067001 0
-47.942730 46.121506 0
-47.958229 46.176003 0
-47.973743 46.230495 0
-47.989273 46.284981 0
-46.099453 46.025234 0
-46.224583 46.463112 0
-46.256020 46.572601 0
-46.287521 46.682095 0
-46.303295 46.736843 0
-46.334885 46.846344 0
-46.557781 47.613041 0
-46.638168 47.886909 0
-46.654297 47.941685 0
-46.670441 47.996468 0

File: raw/L1B_Catalogue/2016-04/28/H00/2016-04.28.H00.kmz
-47.693920 46.017086 0
-47.713333 46.070534 0
-47.732773 46.123978 0
-47.752243 46.177414 0
-47.771740 46.230846 0
-47.791264 46.284275 0
-47.810818 46.337700 0
-47.830399 46.391121 0
-47.850010 46.444538 0
-47.869648 46.497948 0
-47.889317 46.551353 0
-47.909012 46.604752 0
-47.928738 46.658146 0
-47.948490 46.711536 0
-47.968277 46.764923 0
-47.988091 46.818302 0

File: raw/L1B_Catalogue/2016-09/18/H00/2016-09.18.H00.kmz
-47.449326 46.039474 0
-47.473213 46.090042 0
-47.497139 46.140594 0
-47.521111 46.191135 0
-47.545120 46.241661 0
-47.569168 46.292171 0
-47.593254 46.342667 0
-47.617382 46.393143 0
-47.641548 46.443607 0
-47.665756 46.494057 0
-47.690006 46.544487 0
-47.714294 46.594906 0
-47.738625 46.645309 0
-47.762997 46.695702 0
-47.787407 46.746075 0
-47.811863 46.796432 0
-47.836353 46.846779 0
-47.860889 46.897106 0
-47.885468 46.947418 0
-47.910084 46.997719 0
-47.934746 47.048000 0
-47.959446 47.098267 0
-47.984192 47.148518 0

File: raw/L1B_Catalogue/2016-09/18/H18/2016-09.18.H18.kmz
-47.946930 47.968994 0
-47.966118 47.914398 0
-47.985279 47.859802 0

File: raw/L1B_Catalogue/2015-11/11/H00/2015-11.11.H00.kmz
-46.011681 47.976635 0
-47.056961 46.002579 0
-47.076950 46.055988 0
-47.096973 46.109394 0
-47.117027 46.162800 0
-47.137112 46.216202 0
-47.157227 46.269600 0
-47.177376 46.322998 0
-47.197559 46.376392 0
-47.217773 46.429783 0
-47.238018 46.483170 0
-47.258297 46.536556 0
-47.278606 46.589935 0
-47.298950 46.643314 0
-47.319324 46.696690 0
-47.339729 46.750061 0
-47.360172 46.803432 0
-47.380646 46.856804 0
-47.401154 46.910172 0
-47.421692 46.963535 0
-47.442265 47.016895 0
-47.462872 47.070251 0
-47.483509 47.123608 0
-47.504181 47.176960 0
-47.524887 47.230309 0
-47.545628 47.283653 0
-47.566402 47.336994 0
-47.587212 47.390335 0
-47.608055 47.443668 0
-47.628933 47.497002 0
-47.649845 47.550331 0
-47.670792 47.603657 0
-47.691772 47.656979 0
-47.712788 47.710297 0
-47.733837 47.763607 0
-47.754925 47.816917 0
-47.776043 47.870224 0
-47.797199 47.923531 0
-47.818394 47.976833 0

File: raw/L1B_Catalogue/2015-11/27/H18/2015-11.27.H18.kmz
-47.009747 47.979939 0
-47.034771 47.928242 0
-47.059731 47.876545 0
-47.084629 47.824848 0
-47.109467 47.773151 0
-47.134247 47.721455 0
-47.158966 47.669758 0
-47.183628 47.618057 0
-47.208233 47.566357 0
-47.232784 47.514660 0
-47.257282 47.462959 0
-47.281727 47.411255 0
-47.306118 47.359554 0
-47.330460 47.307850 0
-47.354755 47.256142 0
-47.379002 47.204433 0
-47.403149 47.152729 0
-47.427261 47.101021 0
-47.451340 47.049309 0
-47.475380 46.997593 0
-47.499378 46.945877 0
-47.523331 46.894161 0
-47.547234 46.842445 0
-47.571079 46.790726 0
-47.594872 46.739010 0
-47.618603 46.687294 0
-47.642330 46.635567 0
-47.665985 46.583843 0
-47.689568 46.532124 0
-47.713085 46.480404 0
-47.736542 46.428688 0
-47.759941 46.376976 0
-47.783283 46.325264 0
-47.806576 46.273548 0
-47.829826 46.221836 0
-47.853035 46.170120 0
-47.876202 46.118401 0

File: raw/L1B_Catalogue/2015-07/22/H00/2015-07.22.H00.kmz
-46.278358 46.008350 0
-46.298222 46.061668 0
-46.318115 46.114986 0
-46.338043 46.168297 0
-46.357998 46.221607 0
-46.377983 46.274910 0
-46.397995 46.328209 0
-46.418037 46.381504 0
-46.438114 46.434795 0
-46.458218 46.488079 0
-46.478352 46.541359 0
-46.498516 46.594635 0
-46.518715 46.647903 0
-46.538944 46.701176 0
-46.559204 46.754440 0
-46.579494 46.807697 0
-46.599815 46.860950 0
-46.620167 46.914200 0
-46.640553 46.967445 0
-46.660969 47.020683 0
-46.681416 47.073914 0
-46.701897 47.127144 0
-46.722404 47.180367 0
-46.742950 47.233585 0
-46.763527 47.286800 0
-46.784134 47.340008 0
-46.804775 47.393211 0
-46.825447 47.446407 0
-46.846149 47.499599 0
-46.866890 47.552788 0
-46.887657 47.605968 0
-46.908463 47.659145 0
-46.929298 47.712318 0
-46.950169 47.765488 0
-46.971073 47.818653 0
-46.992012 47.871811 0
-47.012985 47.924965 0
-47.033989 47.978111 0

File: raw/L1B_Catalogue/2015-07/07/H00/2015-07.07.H00.kmz
-46.011879 46.283470 0
-46.030376 46.337761 0
-46.048897 46.392052 0
-46.067448 46.446339 0
-46.086021 46.500626 0
-46.104626 46.554916 0
-46.123253 46.609203 0
-46.141911 46.663486 0
-46.160591 46.717770 0
-46.179302 46.772053 0
-46.198040 46.826336 0
-46.216805 46.880611 0
-46.235596 46.934891 0
-46.254417 46.989166 0
-46.273266 47.043442 0
-46.292141 47.097717 0
-46.311047 47.151993 0
-46.329979 47.206264 0
-46.348938 47.260536 0
-46.367928 47.314804 0
-46.386944 47.369072 0
-46.405991 47.423340 0
-46.425064 47.477604 0
-46.444168 47.531864 0
-46.463299 47.586128 0
-46.482460 47.640388 0
-46.501652 47.694649 0
-46.520874 47.748909 0
-46.540123 47.803165 0
-46.559402 47.857422 0
-46.578709 47.911674 0
-46.598045 47.965927 0

File: raw/L1B_Catalogue/2017-02/09/H18/2017-02.09.H18.kmz
-46.384235 47.999359 0
-46.402370 47.945213 0
-46.420483 47.891060 0
-46.438572 47.836903 0
-46.456638 47.782738 0
-46.474682 47.728565 0
-46.492702 47.674389 0
-46.510700 47.620205 0
-46.528671 47.566017 0
-46.546623 47.511822 0
-46.564548 47.457623 0
-46.582455 47.403416 0
-46.600338 47.349201 0
-46.618198 47.294979 0
-46.636036 47.240749 0
-46.653851 47.186512 0
-46.671642 47.132271 0
-46.689411 47.078022 0
-46.707161 47.023766 0
-46.724884 46.969505 0
-46.742588 46.915237 0
-46.760273 46.860966 0
-46.777935 46.806686 0
-46.795574 46.752403 0
-46.813194 46.698109 0
-46.830795 46.643806 0
-46.848373 46.589504 0
-46.865929 46.535194 0
-46.883465 46.480877 0
-46.900978 46.426556 0
-46.918472 46.372231 0
-46.935944 46.317898 0
-46.953396 46.263557 0
-46.970825 46.209213 0
-46.988235 46.154861 0
-47.005627 46.100506 0
-47.022995 46.046143 0

File: raw/L1B_Catalogue/2017-02/10/H06/2017-02.10.H06.kmz
-46.512829 46.031509 0
-46.531754 46.086006 0
-46.550705 46.140499 0
-46.569683 46.194988 0
-46.588692 46.249477 0
-46.607727 46.303963 0
-46.626793 46.358444 0
-46.645885 46.412926 0
-46.665005 46.467403 0
-46.684155 46.521877 0
-46.818996 46.903141 0
-46.838375 46.957596 0
-46.857780 47.012047 0
-46.877220 47.066498 0
-46.896687 47.120945 0
-46.916187 47.175392 0
-46.935719 47.229836 0
-46.955276 47.284279 0
-46.974865 47.338718 0
-46.994488 47.393154 0
-47.014137 47.447586 0
-47.033817 47.502014 0
-47.053532 47.556442 0
-47.073273 47.610867 0
-47.093044 47.665287 0
-47.112850 47.719707 0
-47.132687 47.774124 0
-47.152557 47.828537 0
-47.172455 47.882946 0
-47.192387 47.937355 0
-47.212349 47.991756 0

File: raw/L1B_Catalogue/2018-04/20/H18/2018-04.20.H18.kmz
-46.136600 46.985783 0
-46.155682 46.932472 0
-46.174736 46.879158 0
-46.193768 46.825832 0
-46.212769 46.772507 0
-46.231747 46.719173 0
-46.250698 46.665833 0
-46.269627 46.612492 0
-46.288528 46.559143 0
-46.307404 46.505787 0
-46.326252 46.452427 0
-46.345078 46.399063 0
-46.363880 46.345688 0
-46.382656 46.292309 0
-46.401405 46.238926 0
-46.420132 46.185539 0
-46.438835 46.132145 0
-46.457512 46.078747 0
-46.476166 46.025345 0

File: raw/L1B_Catalogue/2018-04/20/H06/2018-04.20.H06.kmz
-46.253063 46.009098 0
-46.275101 46.062531 0
-46.297176 46.115959 0
-46.319298 46.169388 0
-46.341465 46.222813 0
-46.363670 46.276237 0
-46.385921 46.329655 0
-46.408215 46.383076 0
-46.430550 46.436493 0
-46.452930 46.489906 0
-46.475357 46.543320 0
-46.497822 46.596729 0
-46.520336 46.650135 0
-46.542892 46.703541 0
-46.565491 46.756943 0
-46.588135 46.810341 0
-46.610825 46.863735 0
-46.633560 46.917126 0
-46.656342 46.970520 0
-46.679169 47.023911 0
-46.702042 47.077293 0
-46.724960 47.130676 0
-46.747921 47.184055 0
-46.770931 47.237431 0
-46.793987 47.290802 0
-46.817089 47.344170 0
-46.840237 47.397537 0
-46.863430 47.450897 0
-46.886673 47.504257 0
-46.909958 47.557613 0
-46.933296 47.610966 0
-46.956676 47.664314 0
-46.980106 47.717659 0
-47.003582 47.771000 0
-47.027103 47.824337 0
-47.050678 47.877674 0
-47.074295 47.931004 0
-47.097965 47.984333 0

File: raw/L1B_Catalogue/2018-04/21/H18/2018-04.21.H18.kmz
-46.034241 47.964161 0
-46.057781 47.910744 0
-46.081272 47.857319 0
-46.104717 47.803890 0
-46.128109 47.750462 0
-46.151455 47.697029 0
-46.174755 47.643593 0
-46.198006 47.590153 0
-46.221207 47.536716 0
-46.244362 47.483273 0
-46.267475 47.429829 0
-46.290539 47.376381 0
-46.313557 47.322929 0
-46.336529 47.269478 0
-46.359455 47.216026 0
-46.382336 47.162571 0
-46.405170 47.109116 0
-46.427959 47.055656 0
-46.450699 47.002193 0
-46.473396 46.948730 0
-46.496048 46.895260 0
-46.518654 46.841785 0
-46.541214 46.788311 0
-46.563732 46.734833 0
-46.586201 46.681351 0
-46.608627 46.627869 0
-46.631012 46.574383 0
-46.653347 46.520897 0
-46.675640 46.467407 0
-46.697891 46.413918 0
-46.720097 46.360424 0
-46.742264 46.306931 0
-46.764389 46.253433 0
-46.786469 46.199936 0
-46.808502 46.146435 0
-46.830498 46.092934 0
-46.852448 46.039433 0

File: raw/L1B_Catalogue/2018-04/21/H06/2018-04.21.H06.kmz
-47.058193 46.041927 0
-47.077221 46.094860 0
-47.096272 46.147789 0
-47.115345 46.200710 0
-47.134449 46.253624 0
-47.153576 46.306530 0
-47.172729 46.359428 0
-47.191906 46.412319 0
-47.211113 46.465206 0
-47.230347 46.518085 0
-47.249603 46.570957 0
-47.268887 46.623821 0
-47.288197 46.676678 0
-47.307533 46.729527 0
-47.326893 46.782368 0
-47.346283 46.835201 0
-47.365700 46.888031 0
-47.385139 46.940849 0
-47.404610 46.993668 0
-47.424107 47.046478 0
-47.443630 47.099281 0
-47.463181 47.152073 0
-47.482758 47.204861 0
-47.502361 47.257641 0
-47.521992 47.310410 0
-47.541653 47.363174 0
-47.561337 47.415928 0
-47.581051 47.468674 0
-47.600796 47.521416 0
-47.620567 47.574146 0
-47.640366 47.626869 0
-47.660191 47.679585 0
-47.680046 47.732288 0
-47.699928 47.784985 0
-47.719837 47.837673 0
-47.739777 47.890354 0
-47.759743 47.943027 0
-47.779739 47.995689 0

File: raw/L1B_Catalogue/2018-04/04/H18/2018-04.04.H18.kmz
-46.021526 47.997581 0
-46.038937 47.943481 0
-46.056328 47.889378 0
-46.073700 47.835274 0
-46.091045 47.781166 0
-46.108372 47.727062 0
-46.125679 47.672955 0
-46.142963 47.618843 0
-46.160225 47.564735 0
-46.177464 47.510624 0
-46.194687 47.456512 0
-46.211887 47.402397 0
-46.229065 47.348278 0
-46.246227 47.294163 0
-46.263367 47.240044 0
-46.280483 47.185925 0
-46.297581 47.131802 0
-46.314659 47.077682 0
-46.331718 47.023560 0
-46.348755 46.969437 0
-46.365772 46.915310 0
-46.382771 46.861187 0
-46.399750 46.807056 0
-46.416710 46.752922 0
-46.433651 46.698792 0
-46.450569 46.644661 0
-46.467472 46.590527 0
-46.484352 46.536392 0
-46.501213 46.482258 0
-46.518059 46.428123 0
-46.534882 46.373989 0
-46.551685 46.319855 0
-46.568474 46.265717 0
-46.585239 46.211578 0
-46.601990 46.157440 0
-46.618721 46.103302 0
-46.635429 46.049164 0

File: raw/L1B_Catalogue/2018-04/26/H06/2018-04.26.H06.kmz
-46.131443 46.031082 0
-46.150120 46.083370 0
-47.153576 46.027836 0
-47.173531 46.081570 0
-47.193520 46.135303 0
-47.213539 46.189034 0
-47.233593 46.242767 0
-47.253681 46.296494 0
-47.273800 46.350224 0
-47.293953 46.403950 0
-47.314140 46.457676 0
-47.334362 46.511398 0
-47.354618 46.565125 0
-47.374908 46.618851 0
-47.395233 46.672577 0
-47.415592 46.726299 0
-47.435986 46.780022 0
-47.456413 46.833740 0
-47.476875 46.887459 0
-47.497372 46.941177 0
-47.517906 46.994892 0
-47.538471 47.048607 0
-47.559074 47.102318 0
-47.579716 47.156033 0
-47.600391 47.209743 0
-47.621101 47.263454 0
-47.641850 47.317162 0
-47.662632 47.370865 0
-47.683449 47.424568 0
-47.704304 47.478271 0
-47.725197 47.531971 0
-47.746124 47.585674 0
-47.767086 47.639370 0
-47.788090 47.693073 0
-47.809128 47.746773 0
-47.830208 47.800472 0
-47.851318 47.854168 0
-47.872467 47.907864 0
-47.893658 47.961555 0

File: raw/L1B_Catalogue/2018-04/10/H18/2018-04.10.H18.kmz
-47.166935 47.975540 0
-47.187191 47.921757 0
-47.207413 47.867973 0
-47.227596 47.814194 0
-47.247749 47.760410 0
-47.267872 47.706627 0
-47.287960 47.652840 0
-47.308014 47.599056 0
-47.328033 47.545273 0
-47.348026 47.491486 0
-47.367985 47.437698 0
-47.387909 47.383911 0
-47.407803 47.330124 0
-47.427666 47.276337 0
-47.447495 47.222549 0
-47.467293 47.168758 0
-47.487061 47.114971 0
-47.506794 47.061180 0
-47.526497 47.007389 0
-47.546165 46.953598 0
-47.565807 46.899799 0
-47.585415 46.846001 0
-47.604992 46.792202 0
-47.624535 46.738403 0
-47.644051 46.684601 0
-47.663532 46.630802 0
-47.682987 46.577003 0
-47.702408 46.523205 0
-47.721798 46.469406 0
-47.741161 46.415607 0
-47.760494 46.361805 0
-47.779797 46.308006 0
-47.799068 46.254208 0
-47.818314 46.200409 0
-47.837524 46.146614 0
-47.856709 46.092815 0
-47.875862 46.039021 0
-47.783615 47.994141 0
-47.801949 47.942516 0
-47.820259 47.890877 0
-47.838547 47.839230 0
-47.856815 47.787571 0
-47.875061 47.735897 0
-47.893288 47.684216 0
-47.911491 47.632523 0
-47.929672 47.580814 0
-47.947838 47.529095 0
-47.965981 47.477364 0
-47.984104 47.425621 0

File: raw/L1B_Catalogue/2018-04/10/H06/2018-04.10.H06.kmz
-46.020905 47.117390 0
-46.042229 47.170593 0
-46.063587 47.223789 0
-46.084984 47.276985 0
-46.106415 47.330177 0
-46.127888 47.383366 0
-46.149395 47.436550 0
-46.170940 47.489735 0
-46.192524 47.542919 0
-46.214146 47.596100 0
-46.235806 47.649281 0
-46.257500 47.702457 0
-46.279236 47.755630 0
-46.301010 47.808800 0
-46.322819 47.861969 0
-46.344669 47.915134 0
-46.366558 47.968296 0

File: raw/L1B_Catalogue/2018-04/05/H06/2018-04.05.H06.kmz
-47.270767 46.751694 0
-47.442001 47.176090 0
-47.463577 47.229134 0
-47.485195 47.282173 0
-47.506855 47.335217 0
-47.528549 47.388256 0
-47.550285 47.441292 0
-47.572063 47.494328 0
-47.593876 47.547359 0
-47.615730 47.600388 0
-47.637627 47.653419 0
-47.659561 47.706444 0
-47.681538 47.759472 0
-47.703556 47.812496 0
-47.725616 47.865520 0
-47.747719 47.918545 0
-47.769859 47.971565 0

File: raw/L1B_Catalogue/2018-04/30/H18/2018-04.30.H18.kmz
-47.853577 47.376320 0
-47.866413 47.323479 0
-47.879246 47.270634 0
-47.892078 47.217777 0
-47.904903 47.164917 0
-47.917725 47.112045 0
-47.930546 47.059166 0
-47.943363 47.006275 0
-47.956177 46.953377 0
-47.968987 46.900471 0
-47.981792 46.847557 0
-47.994595 46.794636 0

File: raw/L1B_Catalogue/2018-04/06/H18/2018-04.06.H18.kmz
-47.580242 47.835121 0
-47.722954 47.517643 0

File: raw/L1B_Catalogue/2018-04/15/H18/2018-04.15.H18.kmz
-46.830631 47.997658 0
-46.849625 47.945049 0
-46.868591 47.892429 0
-46.887535 47.839802 0
-46.906452 47.787167 0
-46.925346 47.734520 0
-46.944218 47.681866 0
-46.963062 47.629208 0
-46.981884 47.576538 0
-47.000683 47.523861 0
-47.019455 47.471176 0
-47.038208 47.418480 0
-47.056934 47.365780 0
-47.075634 47.313072 0
-47.094315 47.260357 0
-47.112968 47.207634 0
-47.131599 47.154903 0
-47.150208 47.102161 0
-47.168793 47.049416 0
-47.187351 46.996658 0
-47.205891 46.943890 0
-47.224407 46.891113 0
-47.242901 46.838329 0
-47.261372 46.785538 0
-47.279816 46.732738 0
-47.298241 46.679932 0
-47.316643 46.627117 0
-47.335018 46.574295 0
-47.353374 46.521465 0
-47.371704 46.468628 0
-47.390018 46.415779 0
-47.408306 46.362923 0
-47.426571 46.310059 0
-47.444817 46.257187 0
-47.463036 46.204311 0
-47.481236 46.151424 0
-47.499409 46.098534 0
-47.517563 46.045631 0

File: raw/L1B_Catalogue/2016-05/13/H00/2016-05.13.H00.kmz
-46.011940 47.104172 0
-46.030422 47.155254 0
-46.048923 47.206322 0
-46.067448 47.257378 0
-46.085995 47.308418 0
-46.104561 47.359447 0
-46.123150 47.410465 0
-46.141762 47.461468 0
-46.160393 47.512459 0
-46.179047 47.563435 0
-46.197723 47.614399 0
-46.216419 47.665348 0
-46.235138 47.716286 0
-46.253880 47.767208 0
-46.272640 47.818115 0
-46.291428 47.869011 0
-46.310234 47.919895 0
-46.329063 47.970764 0
-47.082890 46.012348 0
-47.103680 46.065350 0
-47.124504 46.118343 0
-47.145359 46.171333 0
-47.166245 46.224319 0
-47.187164 46.277298 0
-47.208118 46.330269 0
-47.229107 46.383236 0
-47.250130 46.436195 0
-47.271183 46.489151 0
-47.292274 46.542103 0
-47.313396 46.595047 0
-47.334553 46.647987 0
-47.355743 46.700920 0
-47.376968 46.753845 0
-47.398228 46.806767 0
-47.419518 46.859680 0
-47.440845 46.912586 0
-47.462208 46.965488 0
-47.483604 47.018391 0
-47.505039 47.071281 0
-47.526505 47.124168 0
-47.548008 47.177048 0
-47.569546 47.229923 0
-47.591118 47.282787 0
-47.612724 47.335648 0
-47.634369 47.388500 0
-47.656048 47.441349 0
-47.677761 47.494186 0
-47.721306 47.599850 0
-47.743130 47.652672 0
-47.764992 47.705486 0
-47.786888 47.758293 0
-47.808823 47.811096 0
-47.830795 47.863888 0
-47.852802 47.916676 0
-47.874847 47.969456 0
-47.438347 46.033825 0
-47.458664 46.087204 0
-47.479015 46.140583 0
-47.499405 46.193966 0
-47.519829 46.247349 0
-47.540291 46.300728 0
-47.560787 46.354111 0
-47.581318 46.407490 0
-47.601887 46.460869 0
-47.622490 46.514244 0
-47.643131 46.567619 0

File: raw/L1B_Catalogue/2016-05/13/H18/2016-05.13.H18.kmz
-46.446918 47.959465 0
-46.469456 47.905613 0
-46.491951 47.851757 0
-46.514404 47.797897 0

File: raw/L1B_Catalogue/2016-05/28/H18/2016-05.28.H18.kmz
-47.262459 47.959179 0
-47.282345 47.905445 0
-47.302200 47.851707 0
-47.322021 47.797970 0
-47.341816 47.744232 0
-47.361576 47.690495 0
-47.381310 47.636749 0
-47.401012 47.583004 0
-47.420681 47.529259 0
-47.440323 47.475513 0

File: raw/L1B_Catalogue/2016-05/29/H00/2016-05.29.H00.kmz
-46.295521 46.004284 0
-46.312050 46.058151 0
-46.328602 46.112011 0
-46.345169 46.165871 0
-46.361752 46.219730 0
-46.378357 46.273582 0
-46.394978 46.327435 0
-46.411613 46.381283 0
-46.444946 46.488972 0
-46.461639 46.542812 0
-46.478352 46.596653 0
-46.495083 46.650486 0
-46.511829 46.704315 0
-46.528595 46.758144 0
-46.545383 46.811970 0
-46.562187 46.865791 0
-46.579010 46.919613 0
-46.595856 46.973431 0
-46.612717 47.027248 0
-46.629601 47.081059 0
-46.646500 47.134869 0
-46.663422 47.188675 0
-46.680363 47.242477 0
-46.697319 47.296276 0
-46.714298 47.350071 0
-46.731297 47.403866 0
-46.748314 47.457657 0
-46.782410 47.565231 0
-46.799484 47.619011 0
-46.816582 47.672791 0
-46.833698 47.726563 0
-46.850834 47.780334 0
-46.867989 47.834103 0
-46.885162 47.887867 0
-46.902359 47.941628 0
-46.919575 47.995388 0

File: raw/L1B_Catalogue/2015-08/31/H00/2015-08.31.H00.kmz
-46.609097 46.004444 0
-46.631927 46.058315 0
-46.654797 46.112179 0
-46.677711 46.166039 0
-46.700672 46.219894 0
-46.723675 46.273743 0
-46.746719 46.327587 0
-46.769806 46.381424 0
-46.792934 46.435257 0
-46.816109 46.489082 0
-46.839329 46.542908 0
-46.862591 46.596725 0
-46.885899 46.650536 0
-46.909248 46.704346 0
-46.932648 46.758152 0
-46.956089 46.811954 0
-46.979576 46.865753 0
-47.003109 46.919544 0
-47.026688 46.973331 0
-47.050308 47.027111 0
-47.073978 47.080883 0
-47.097694 47.134651 0
-47.121452 47.188412 0
-47.145283 47.242222 0
-47.169140 47.295971 0
-47.193039 47.349712 0
-47.216988 47.403450 0
-47.240978 47.457180 0
-47.265018 47.510902 0
-47.289108 47.564617 0
-47.313240 47.618328 0
-47.337421 47.672031 0
-47.361649 47.725731 0
-47.385925 47.779427 0
-47.410252 47.833118 0
-47.434624 47.886803 0
-47.459045 47.940483 0
-47.483517 47.994160 0

File: raw/L1B_Catalogue/2015-05/03/H00/2015-05.03.H00.kmz
-47.540020 46.028118 0
-47.556507 46.082855 0
-47.573009 46.137589 0
-47.589531 46.192326 0
-47.606068 46.247059 0
-47.622627 46.301800 0
-47.639206 46.356537 0
-47.655800 46.411278 0
-47.672413 46.466019 0
-47.689045 46.520756 0
-47.705696 46.575497 0
-47.722366 46.630238 0
-47.739059 46.684982 0
-47.755768 46.739723 0
-47.772495 46.794468 0
-47.789246 46.849216 0
-47.806015 46.903969 0
-47.822807 46.958717 0
-47.839615 47.013466 0
-47.856445 47.068218 0
-47.873295 47.122967 0
-47.890160 47.177719 0
-47.907051 47.232468 0
-47.923958 47.287220 0
-47.940884 47.341969 0
-47.957832 47.396717 0
-47.974800 47.451469 0
-47.991791 47.506218 0

File: raw/L1B_Catalogue/2015-05/27/H00/2015-05.27.H00.kmz
-46.098484 46.003483 0
-46.119102 46.056717 0
-46.139755 46.109951 0
-46.160442 46.163185 0
-46.181164 46.216415 0
-46.201923 46.269646 0
-46.222713 46.322876 0
-46.243542 46.376102 0
-46.264408 46.429325 0
-46.285305 46.482548 0
-46.306240 46.535770 0
-46.327213 46.588985 0
-46.348225 46.642208 0
-46.369270 46.695423 0
-46.390350 46.748638 0
-46.411469 46.801849 0
-46.432625 46.855057 0
-46.453815 46.908264 0
-46.475044 46.961468 0
-46.496311 47.014671 0
-46.517612 47.067871 0
-46.538952 47.121067 0
-46.560329 47.174267 0
-46.581745 47.227463 0
-46.603199 47.280655 0
-46.624687 47.333843 0
-46.646214 47.387032 0
-46.667778 47.440216 0
-46.689381 47.493401 0
-46.711021 47.546581 0
-46.732700 47.599758 0
-46.754417 47.652935 0
-46.776176 47.706112 0
-46.797970 47.759285 0
-46.819805 47.812454 0
-46.841679 47.865620 0
-46.863590 47.918785 0
-46.885544 47.971947 0

File: raw/L1B_Catalogue/2018-02/08/H06/2018-02.08.H06.kmz
-46.839760 46.037243 0
-46.855667 46.092648 0
-46.871590 46.148045 0
-46.887524 46.203442 0
-46.903477 46.258835 0
-46.919445 46.314224 0
-46.935429 46.369614 0
-46.951431 46.424999 0
-46.967445 46.480381 0
-46.983482 46.535759 0
-46.999531 46.591141 0
-47.015602 46.646519 0
-47.031685 46.701897 0
-47.047791 46.757267 0
-47.063908 46.812641 0
-47.080048 46.868011 0
-47.096199 46.923378 0
-47.112373 46.978741 0
-47.128563 47.034103 0
-47.144768 47.089462 0
-47.160995 47.144817 0
-47.177238 47.200172 0
-47.193501 47.255527 0
-47.209782 47.310879 0
-47.226078 47.366226 0
-47.242397 47.421570 0
-47.258732 47.476910 0
-47.275082 47.532249 0
-47.291454 47.587585 0
-47.307842 47.642918 0

File: raw/L1B_Catalogue/2018-02/22/H18/2018-02.22.H18.kmz
-46.531422 47.949142 0
-46.551052 47.894627 0
-46.570656 47.840107 0
-46.590233 47.785583 0
-46.609776 47.731056 0
-46.629292 47.676529 0
-46.648777 47.621994 0
-46.668236 47.567455 0
-46.687660 47.512913 0
-46.707062 47.458366 0
-46.726433 47.403816 0
-46.745773 47.349262 0
-46.765087 47.294704 0
-46.784370 47.240143 0
-46.803627 47.185577 0
-46.822857 47.131008 0
-46.842056 47.076439 0
-46.861229 47.021862 0
-46.880371 46.967281 0
-46.899490 46.912697 0
-46.918583 46.858097 0
-46.937649 46.803501 0
-46.956688 46.748901 0
-46.975697 46.694298 0
-46.994678 46.639694 0
-47.013630 46.585087 0
-47.032555 46.530476 0
-47.051456 46.475864 0
-47.070328 46.421246 0
-47.089172 46.366623 0
-47.107990 46.312000 0
-47.126785 46.257370 0
-47.145550 46.202736 0
-47.164291 46.148098 0
-47.183006 46.093456 0
-47.201694 46.038811 0

File: raw/L1B_Catalogue/2018-02/22/H06/2018-02.22.H06.kmz
-46.322826 46.016758 0
-46.343716 46.068882 0
-46.364651 46.121014 0
-46.385624 46.173141 0
-46.469952 46.381691 0
-46.491142 46.433838 0
-46.512375 46.485981 0
-46.533649 46.538128 0
-46.554970 46.590279 0
-46.597736 46.694580 0
-46.619183 46.746731 0
-46.640678 46.798885 0
-46.662216 46.851044 0
-46.683796 46.903206 0
-46.705421 46.955364 0
-46.748806 47.059689 0
-46.792366 47.164017 0
-46.814217 47.216183 0
-46.836109 47.268353 0
-46.858051 47.320518 0
-46.880039 47.372696 0
-46.902073 47.424870 0
-46.924152 47.477047 0
-46.946278 47.529221 0
-46.968449 47.581402 0
-46.990669 47.633579 0
-47.012932 47.685760 0
-47.035240 47.737938 0
-47.057598 47.790119 0
-47.102451 47.894489 0
-47.124950 47.946674 0
-47.147495 47.998859 0

File: raw/L1B_Catalogue/2018-02/18/H18/2018-02.18.H18.kmz
-47.307266 47.933956 0
-47.329807 47.882442 0
-47.352299 47.830929 0
-47.374744 47.779419 0

File: raw/L1B_Catalogue/2018-02/03/H06/2018-02.03.H06.kmz
-46.007484 46.473282 0
-46.022381 46.528927 0
-46.037289 46.584568 0
-46.052208 46.640213 0
-46.067139 46.695854 0
-46.082085 46.751492 0
-46.097042 46.807133 0
-46.112015 46.862774 0
-46.126995 46.918411 0
-46.141991 46.974052 0
-46.157001 47.029690 0
-46.172024 47.085323 0
-46.187057 47.140961 0
-46.202106 47.196594 0
-46.217167 47.252232 0
-46.232243 47.307865 0
-46.247330 47.363503 0
-46.262432 47.419140 0
-46.277550 47.474777 0
-46.292679 47.530415 0
-46.307823 47.586056 0
-46.322983 47.641689 0
-46.338154 47.697327 0
-46.353340 47.752964 0
-46.368542 47.808598 0
-46.383755 47.864231 0
-46.398983 47.919865 0

File: raw/L1B_Catalogue/2018-02/02/H18/2018-02.02.H18.kmz
-46.794323 47.958157 0
-46.817944 47.905533 0
-46.841518 47.852905 0
-46.865047 47.800270 0
-46.888538 47.747627 0
-46.911983 47.694977 0
-46.935387 47.642319 0
-46.958748 47.589657 0
-46.982063 47.536987 0

File: raw/L1B_Catalogue/2018-02/27/H18/2018-02.27.H18.kmz
-46.725346 47.975166 0
-46.743931 47.921024 0
-46.762486 47.866886 0
-46.781017 47.812744 0
-46.799522 47.758602 0
-46.818001 47.704464 0
-46.836452 47.650322 0
-46.854877 47.596180 0
-46.873280 47.542038 0
-46.891655 47.487896 0
-46.910000 47.433754 0
-46.928326 47.379608 0
-46.946625 47.325459 0
-46.964901 47.271313 0
-46.983147 47.217163 0
-47.001369 47.163017 0
-47.019566 47.108868 0
-47.037735 47.054722 0
-47.055882 47.000572 0

File: raw/L1B_Catalogue/2018-02/13/H06/2018-02.13.H06.kmz
-46.016151 47.739403 0
-46.032600 47.794807 0
-46.049065 47.850208 0
-46.065552 47.905613 0
-46.082054 47.961010 0

File: raw/L1B_Catalogue/2018-02/28/H06/2018-02.28.H06.kmz
-47.065166 46.045193 0
-47.084888 46.098549 0
-47.104637 46.151901 0
-47.124420 46.205250 0
-47.144230 46.258591 0
-47.164070 46.311928 0
-47.183937 46.365257 0
-47.203835 46.418583 0
-47.223763 46.471901 0
-47.243717 46.525215 0
-47.263702 46.578522 0
-47.283718 46.631828 0
-47.303764 46.685127 0
-47.323837 46.738422 0
-47.343941 46.791714 0
-47.364075 46.844997 0
-47.384239 46.898277 0
-47.404434 46.951550 0
-47.424660 47.004818 0
-47.444916 47.058079 0
-47.465202 47.111336 0
-47.485519 47.164589 0
-47.505871 47.217838 0
-47.526253 47.271080 0
-47.546665 47.324318 0
-47.567108 47.377548 0
-47.587585 47.430775 0
-47.608093 47.483994 0
-47.628632 47.537209 0
-47.649200 47.590416 0
-47.669804 47.643616 0
-47.690437 47.696812 0
-47.711102 47.750004 0
-47.731800 47.803188 0
-47.752525 47.856369 0
-47.773289 47.909542 0
-47.794079 47.962708 0

File: raw/L1B_Catalogue/2018-02/12/H18/2018-02.12.H18.kmz
-46.662521 47.952229 0
-46.683998 47.898129 0
-46.705437 47.844021 0
-46.726845 47.789913 0
-46.748215 47.735794 0
-46.769554 47.681671 0
-46.790855 47.627544 0
-46.812122 47.573414 0
-46.833351 47.519276 0
-46.854549 47.465130 0
-46.875713 47.410980 0
-46.896839 47.356827 0
-46.917934 47.302666 0
-46.938995 47.248497 0
-46.960026 47.194321 0
-46.981018 47.140137 0
-47.001980 47.085949 0
-47.022907 47.031757 0
-47.043800 46.977554 0
-47.064663 46.923351 0
-47.085487 46.869141 0
-47.106281 46.814926 0
-47.127041 46.760704 0
-47.147766 46.706478 0
-47.168465 46.652241 0
-47.189125 46.598003 0
-47.209755 46.543758 0
-47.230350 46.489510 0
-47.250912 46.435257 0
-47.271442 46.380997 0
-47.291939 46.326736 0
-47.312405 46.272469 0
-47.332836 46.218193 0
-47.353241 46.163918 0
-47.373611 46.109634 0
-47.393948 46.055344 0
-47.414257 46.001053 0

File: raw/L1B_Catalogue/2018-02/12/H06/2018-02.12.H06.kmz
-47.321720 46.042431 0
-47.342579 46.095192 0
-47.363476 46.147957 0
-47.384411 46.200718 0
-47.405388 46.253483 0
-47.426403 46.306248 0
-47.447460 46.359013 0
-47.468559 46.411781 0
-47.489697 46.464546 0
-47.510876 46.517315 0
-47.532093 46.570084 0
-47.553352 46.622856 0
-47.574657 46.675629 0
-47.596004 46.728405 0
-47.617393 46.781181 0
-47.638821 46.833958 0
-47.660290 46.886734 0
-47.681801 46.939510 0
-47.703354 46.992287 0
-47.724949 47.045063 0
-47.746582 47.097839 0
-47.768257 47.150616 0
-47.789978 47.203396 0
-47.811737 47.256176 0
-47.833538 47.308956 0
-47.855381 47.361736 0
-47.877266 47.414516 0
-47.899193 47.467293 0
-47.921165 47.520073 0
-47.943180 47.572853 0
-47.965240 47.625629 0
-47.987343 47.678410 0

File: raw/L1B_Catalogue/2018-02/17/H18/2018-02.17.H18.kmz
-47.978725 47.983707 0
-47.997894 47.929012 0

File: raw/L1B_Catalogue/2018-02/17/H06/2018-02.17.H06.kmz
-46.003971 46.575218 0
-46.025146 46.628269 0
-46.046356 46.681316 0
-46.067604 46.734367 0
-46.088894 46.787415 0
-46.110222 46.840466 0
-46.131592 46.893517 0
-46.153000 46.946568 0
-46.174446 46.999615 0
-46.195930 47.052662 0
-46.217457 47.105713 0
-46.239021 47.158756 0
-46.260628 47.211803 0
-46.282272 47.264851 0
-46.303959 47.317894 0
-46.325684 47.370941 0
-46.347450 47.423985 0
-46.369255 47.477032 0
-46.391102 47.530071 0
-46.412991 47.583115 0
-46.434917 47.636154 0
-46.456886 47.689194 0
-46.478893 47.742229 0
-46.500946 47.795265 0
-46.523037 47.848301 0
-46.567352 47.954369 0

File: raw/L1B_Catalogue/2018-02/07/H18/2018-02.07.H18.kmz
-46.017696 47.846584 0
-46.040913 47.793774 0
-46.064087 47.740959 0
-46.087215 47.688141 0
-46.110302 47.635315 0
-46.133350 47.582489 0
-46.156353 47.529655 0
-46.179314 47.476822 0
-46.202232 47.423981 0
-46.225105 47.371136 0
-46.247944 47.318283 0
-46.270737 47.265427 0
-46.293488 47.212570 0
-46.316196 47.159706 0
-46.338863 47.106838 0
-46.361488 47.053970 0
-46.384071 47.001095 0
-46.406612 46.948215 0
-46.429111 46.895336 0
-46.451572 46.842449 0
-46.473991 46.789555 0
-46.496368 46.736660 0
-46.518707 46.683758 0
-46.541004 46.630856 0
-46.563263 46.577950 0
-46.585480 46.525040 0
-46.607658 46.472126 0
-46.629795 46.419209 0
-46.651894 46.366287 0
-46.673958 46.313362 0
-46.695980 46.260429 0
-46.717964 46.207497 0
-46.739914 46.154560 0
-46.761822 46.101620 0
-46.783691 46.048676 0

File: raw/L1B_Catalogue/2016-07/08/H00/2016-07.08.H00.kmz
-47.179180 46.037476 0
-47.202618 46.090797 0
-47.226093 46.144112 0
-47.249607 46.197414 0
-47.273163 46.250710 0
-47.296761 46.303997 0
-47.320400 46.357277 0
-47.344078 46.410545 0
-47.367798 46.463806 0
-47.391560 46.517056 0
-47.415359 46.570297 0
-47.439205 46.623524 0
-47.463093 46.676746 0
-47.487022 46.729954 0
-47.510994 46.783154 0
-47.535011 46.836346 0
-47.559071 46.889526 0
-47.583176 46.942699 0
-47.607319 46.995861 0
-47.631508 47.049011 0
-47.655739 47.102154 0
-47.680016 47.155285 0
-47.704330 47.208405 0
-47.728691 47.261517 0
-47.753094 47.314621 0
-47.777542 47.367718 0
-47.802032 47.420807 0
-47.826569 47.473885 0
-47.851147 47.526951 0
-47.875767 47.580009 0
-47.900433 47.633057 0
-47.925144 47.686096 0
-47.949898 47.739124 0
-47.974697 47.792141 0
-47.999546 47.845146 0

File: raw/L1B_Catalogue/2016-07/09/H00/2016-07.09.H00.kmz
-47.050472 46.031872 0
-47.068481 46.085938 0
-47.086514 46.140003 0
-47.104572 46.194065 0
-47.122654 46.248131 0
-47.140762 46.302189 0
-47.158894 46.356251 0
-47.177048 46.410313 0
-47.195232 46.464371 0
-47.213440 46.518433 0
-47.231674 46.572491 0
-47.249931 46.626553 0
-47.268215 46.680611 0
-47.286526 46.734665 0
-47.304859 46.788723 0
-47.323219 46.842773 0
-47.341606 46.896828 0
-47.360016 46.950878 0
-47.378452 47.004929 0
-47.396915 47.058979 0
-47.415401 47.113029 0
-47.433914 47.167076 0
-47.452454 47.221123 0
-47.471020 47.275166 0
-47.489609 47.329208 0
-47.508224 47.383247 0
-47.526871 47.437286 0
-47.545540 47.491325 0
-47.564236 47.545361 0
-47.582962 47.599400 0
-47.601715 47.653435 0
-47.620495 47.707470 0
-47.639301 47.761501 0
-47.658134 47.815533 0
-47.676994 47.869560 0
-47.695885 47.923588 0
-47.714798 47.977615 0

File: raw/L1B_Catalogue/2016-07/24/H00/2016-07.24.H00.kmz
-46.005718 46.119385 0
-46.024723 46.174030 0
-46.043758 46.228672 0
-46.062820 46.283310 0
-46.081909 46.337944 0
-46.101028 46.392582 0
-46.120174 46.447212 0
-46.139347 46.501842 0
-46.158550 46.556473 0
-46.177780 46.611099 0
-46.197041 46.665726 0
-46.216328 46.720345 0
-46.235645 46.774967 0
-46.254990 46.829582 0
-46.274368 46.884197 0
-46.293774 46.938812 0
-46.313210 46.993423 0
-46.332676 47.048031 0
-46.352173 47.102642 0
-46.371704 47.157249 0
-46.391262 47.211853 0
-46.410854 47.266457 0
-46.430477 47.321056 0
-46.450127 47.375656 0
-46.469810 47.430248 0
-46.489525 47.484844 0
-46.509270 47.539433 0
-46.529041 47.594021 0
-46.548851 47.648609 0
-46.568687 47.703194 0
-46.588558 47.757774 0
-46.608456 47.812351 0
-46.628387 47.866928 0
-46.648350 47.921501 0
-46.668343 47.976070 0

File: raw/L1B_Catalogue/2016-07/24/H18/2016-07.24.H18.kmz
-47.811630 47.525478 0
-47.832958 47.472160 0
-47.854248 47.418842 0
-47.875496 47.365524 0
-47.896706 47.312206 0
-47.917877 47.258888 0
-47.939011 47.205570 0
-47.960102 47.152252 0
-47.981159 47.098930 0

File: raw/L1B_Catalogue/2018-05/26/H18/2018-05.26.H18.kmz
-46.000168 47.997616 0
-46.015556 47.945477 0
-46.030933 47.893322 0
-46.046299 47.841160 0
-46.061649 47.788990 0
-46.076988 47.736809 0
-46.092316 47.684624 0
-46.107635 47.632427 0
-46.122940 47.580219 0
-46.138233 47.528004 0
-46.153519 47.475780 0
-46.168793 47.423546 0
-46.184055 47.371296 0
-46.199310 47.319038 0
-46.214554 47.266773 0
-46.229786 47.214497 0
-46.245007 47.162209 0
-46.260220 47.109913 0
-46.275417 47.057610 0
-46.290607 47.005295 0
-46.305782 46.952972 0
-46.320950 46.900642 0
-46.336105 46.848297 0
-46.351250 46.795944 0
-46.366383 46.743584 0
-46.381500 46.691216 0
-46.396610 46.638836 0
-46.411713 46.586449 0
-46.426800 46.534054 0
-46.441875 46.481651 0
-46.456944 46.429237 0
-46.472000 46.376816 0
-46.487049 46.324379 0
-46.502087 46.271938 0
-46.517113 46.219486 0
-46.532127 46.167027 0
-46.547134 46.114559 0
-46.562130 46.062080 0
-46.577114 46.009598 0

File: raw/L1B_Catalogue/2018-05/26/H06/2018-05.26.H06.kmz
-46.174725 46.041840 0
-46.199135 46.095467 0
-46.223595 46.149086 0
-46.248100 46.202698 0
-46.272659 46.256306 0
-46.297264 46.309902 0
-46.321915 46.363499 0
-46.346619 46.417084 0
-46.371372 46.470665 0
-46.396175 46.524242 0
-46.421032 46.577812 0
-46.470890 46.684933 0
-46.495895 46.738483 0
-46.546051 46.845562 0
-46.571205 46.899086 0
-46.596409 46.952610 0
-46.621662 47.006123 0
-46.646969 47.059631 0
-46.672325 47.113129 0
-46.723190 47.220108 0
-46.748695 47.273582 0
-46.774258 47.327053 0
-46.799870 47.380516 0
-46.825531 47.433968 0
-46.851246 47.487415 0
-46.877014 47.540859 0
-46.902836 47.594292 0
-46.928711 47.647720 0
-46.954636 47.701141 0
-46.980618 47.754555 0
-47.006653 47.807961 0
-47.032742 47.861359 0
-47.058884 47.914749 0
-47.085083 47.968132 0

File: raw/L1B_Catalogue/2018-05/27/H18/2018-05.27.H18.kmz
-46.010208 47.366482 0
-46.031940 47.313229 0
-46.053635 47.259972 0
-46.075283 47.206715 0
-46.096889 47.153461 0
-46.118458 47.100204 0
-46.139984 47.046947 0
-46.161469 46.993690 0
-46.182919 46.940426 0
-46.204323 46.887165 0
-46.225693 46.833904 0
-46.247017 46.780643 0
-46.268303 46.727383 0
-46.289551 46.674122 0
-46.310753 46.620861 0
-46.331921 46.567600 0
-46.353046 46.514339 0
-46.374130 46.461079 0
-46.395180 46.407814 0
-46.416183 46.354549 0
-46.437153 46.301289 0
-46.458080 46.248024 0
-46.478970 46.194759 0
-46.499821 46.141499 0
-46.520630 46.088234 0
-46.541405 46.034969 0
-46.616077 47.954967 0
-46.638340 47.902565 0
-46.660564 47.850151 0
-46.682755 47.797729 0
-46.704906 47.745300 0
-46.727020 47.692863 0
-46.749100 47.640419 0
-46.771145 47.587967 0
-46.793152 47.535507 0
-46.815125 47.483032 0
-46.837059 47.430553 0
-46.858959 47.378067 0
-46.880825 47.325573 0
-46.902653 47.273071 0
-46.924446 47.220558 0
-46.946201 47.168037 0
-46.967922 47.115513 0
-46.989609 47.062977 0
-47.011261 47.010433 0
-47.032883 46.957874 0
-47.054466 46.905312 0
-47.076015 46.852741 0
-47.097530 46.800163 0
-47.119007 46.747574 0
-47.140453 46.694981 0
-47.161865 46.642376 0
-47.183243 46.589767 0
-47.204586 46.537151 0
-47.225899 46.484524 0
-47.247177 46.431889 0
-47.268421 46.379246 0
-47.289631 46.326595 0
-47.310810 46.273941 0
-47.331955 46.221275 0
-47.353065 46.168606 0
-47.374146 46.115929 0
-47.395191 46.063240 0
-47.416203 46.010548 0

File: raw/L1B_Catalogue/2017-04/22/H18/2017-04.22.H18.kmz
-46.002701 46.277737 0
-46.020248 46.223812 0
-46.037773 46.169888 0
-46.055275 46.115959 0
-46.072758 46.062031 0
-46.090221 46.008102 0

File: raw/L1B_Catalogue/2017-04/13/H18/2017-04.13.H18.kmz
-46.581066 47.993710 0
-46.604752 47.940006 0
-46.628395 47.886299 0
-46.651989 47.832584 0
-46.675541 47.778870 0
-46.699043 47.725147 0
-46.722504 47.671421 0
-46.745918 47.617691 0
-46.769287 47.563957 0
-46.792614 47.510216 0
-46.815891 47.456474 0
-46.839130 47.402725 0
-46.862320 47.348972 0
-46.885468 47.295212 0
-46.908569 47.241451 0
-46.931625 47.187687 0
-46.954639 47.133919 0
-46.977612 47.080143 0
-47.000538 47.026363 0
-47.023422 46.972580 0
-47.046261 46.918789 0
-47.069061 46.864990 0
-47.091816 46.811188 0
-47.114529 46.757381 0
-47.137199 46.703568 0
-47.159828 46.649754 0
-47.182415 46.595932 0
-47.204956 46.542107 0
-47.227463 46.488277 0
-47.249924 46.434444 0
-47.272346 46.380608 0
-47.294727 46.326763 0
-47.317070 46.272919 0
-47.339371 46.219070 0
-47.361633 46.165215 0
-47.383854 46.111359 0
-47.406033 46.057499 0
-47.428169 46.003635 0

File: raw/L1B_Catalogue/2017-04/07/H00/2017-04.07.H00.kmz
-47.131371 46.046524 0
-47.153091 46.099621 0
-47.174850 46.152714 0
-47.196655 46.205811 0
-47.218506 46.258900 0
-47.240395 46.311993 0
-47.262333 46.365082 0
-47.284313 46.418171 0
-47.306335 46.471256 0
-47.328403 46.524342 0
-47.350517 46.577427 0
-47.372677 46.630512 0
-47.394882 46.683598 0
-47.417130 46.736679 0
-47.439426 46.789757 0
-47.461765 46.842838 0
-47.484150 46.895912 0
-47.506584 46.948986 0
-47.529060 47.002056 0
-47.551586 47.055126 0
-47.574154 47.108192 0
-47.619442 47.214321 0
-47.642155 47.267380 0
-47.664917 47.320435 0
-47.687721 47.373489 0
-47.710575 47.426544 0
-47.733475 47.479591 0
-47.756420 47.532642 0
-47.779415 47.585690 0
-47.802456 47.638733 0
-47.825542 47.691780 0
-47.848679 47.744827 0
-47.871864 47.797871 0
-47.895092 47.850910 0
-47.918369 47.903950 0
-47.941696 47.956985 0

File: raw/L1B_Catalogue/2017-06/08/H18/2017-06.08.H18.kmz
-47.814621 47.976440 0
-47.832607 47.922619 0
-47.850574 47.868793 0
-47.868515 47.814964 0
-47.886436 47.761131 0
-47.904331 47.707294 0
-47.922207 47.653454 0
-47.940063 47.599609 0
-47.957893 47.545757 0
-47.975704 47.491905 0
-47.993492 47.438049 0

File: raw/L1B_Catalogue/2017-06/18/H06/2017-06.18.H06.kmz
-46.004101 47.123749 0
-46.026405 47.176308 0
-46.048759 47.228867 0
-46.071159 47.281425 0
-46.093609 47.333984 0
-46.116108 47.386543 0
-46.138653 47.439102 0
-46.161247 47.491657 0
-46.183891 47.544220 0
-46.206585 47.596783 0
-46.229328 47.649342 0
-46.252121 47.701900 0
-46.274960 47.754459 0
-46.297852 47.807018 0
-46.320789 47.859573 0
-46.343777 47.912128 0
-46.366810 47.964684 0

File: raw/L1B_Catalogue/2017-06/09/H18/2017-06.09.H18.kmz
-47.001133 47.935295 0
-47.023598 47.882877 0
-47.046013 47.830460 0
-47.068378 47.778046 0
-47.090702 47.725628 0
-47.112976 47.673214 0
-47.135204 47.620800 0
-47.157383 47.568386 0
-47.179520 47.515976 0
-47.201614 47.463558 0
-47.223660 47.411140 0
-47.245663 47.358727 0
-47.267616 47.306313 0
-47.289528 47.253899 0
-47.311394 47.201488 0
-47.333210 47.149078 0
-47.354980 47.096672 0
-47.376709 47.044266 0
-47.398388 46.991863 0
-47.420021 46.939461 0
-47.441608 46.887058 0
-47.463150 46.834660 0
-47.484646 46.782261 0
-47.506100 46.729870 0
-47.527504 46.677475 0
-47.548866 46.625084 0
-47.739193 46.153606 0
-47.760128 46.101227 0

File: raw/L1B_Catalogue/2017-06/24/H18/2017-06.24.H18.kmz
-46.322952 47.999149 0
-46.344772 47.945862 0
-46.366550 47.892570 0
-46.388287 47.839279 0
-46.409981 47.785988 0
-46.431633 47.732693 0
-46.453247 47.679398 0
-46.474815 47.626102 0
-46.496342 47.572803 0
-46.517830 47.519505 0
-46.539276 47.466206 0
-46.560680 47.412907 0
-46.582047 47.359604 0
-46.603371 47.306305 0
-46.624657 47.253006 0
-46.645905 47.199703 0
-46.667114 47.146404 0
-46.688286 47.093098 0
-46.709419 47.039795 0
-46.730518 46.986492 0
-46.751575 46.933189 0
-46.772594 46.879883 0
-46.793579 46.826580 0
-46.814522 46.773277 0
-46.835426 46.719975 0
-46.856297 46.666668 0
-46.877125 46.613365 0
-46.897881 46.560074 0
-46.918613 46.506779 0
-46.939320 46.453476 0
-46.960003 46.400169 0
-46.980652 46.346859 0
-47.001274 46.293545 0
-47.021858 46.240234 0
-47.042404 46.186924 0
-47.062908 46.133614 0
-47.083370 46.080307 0
-47.103840 46.026974 0

File: raw/L1B_Catalogue/2017-05/08/H18/2017-05.08.H18.kmz
-47.401886 47.977760 0
-47.420803 47.923798 0
-47.439693 47.869839 0
-47.458557 47.815876 0
-47.477394 47.761906 0
-47.496204 47.707939 0
-47.514988 47.653969 0
-47.533745 47.599998 0
-47.552475 47.546028 0
-47.571178 47.492058 0
-47.589855 47.438087 0
-47.608505 47.384113 0
-47.627129 47.330143 0
-47.645721 47.276169 0
-47.664295 47.222195 0
-47.682838 47.168221 0
-47.701359 47.114246 0
-47.719849 47.060272 0
-47.738316 47.006298 0
-47.756756 46.952324 0
-47.775169 46.898350 0
-47.793556 46.844376 0
-47.811920 46.790398 0
-47.830254 46.736420 0
-47.848568 46.682438 0
-47.866856 46.628452 0
-47.885117 46.574471 0
-47.903355 46.520485 0
-47.921562 46.466499 0
-47.939747 46.412514 0
-47.957909 46.358528 0
-47.976044 46.304539 0
-47.994152 46.250553 0
-47.320595 47.026665 0
-47.402977 46.775261 0
-47.435833 46.674591 0
-47.452244 46.624233 0
-47.485020 46.523472 0
-47.615608 46.119827 0
-47.631874 46.069305 0

File: raw/L1B_Catalogue/2017-05/08/H06/2017-05.08.H06.kmz
-46.002842 47.017506 0
-46.024567 47.070301 0
-46.046337 47.123096 0
-46.068146 47.175888 0
-46.089996 47.228683 0
-46.111889 47.281475 0
-46.133823 47.334267 0
-46.155796 47.387058 0
-46.177814 47.439850 0
-46.199875 47.492645 0
-46.221973 47.545437 0
-46.244118 47.598225 0
-46.266304 47.651016 0
-46.288532 47.703804 0
-46.310802 47.756588 0
-46.333118 47.809376 0
-46.355476 47.862160 0
-46.377880 47.914940 0

File: raw/L1B_Catalogue/2017-05/24/H18/2017-05.24.H18.kmz
-47.974266 47.998455 0
-47.995110 47.945042 0

File: raw/L1B_Catalogue/2017-05/24/H06/2017-05.24.H06.kmz
-46.002998 46.352451 0
-46.022903 46.405518 0
-46.042839 46.458572 0
-46.062801 46.511623 0
-46.082794 46.564671 0
-46.102814 46.617710 0
-46.122868 46.670742 0
-46.142948 46.723770 0
-46.163059 46.776787 0
-46.183201 46.829800 0
-46.203369 46.882805 0
-46.223572 46.935802 0
-46.243801 46.988796 0
-46.264065 47.041782 0
-46.284359 47.094765 0
-46.304684 47.147739 0
-46.325039 47.200706 0
-46.345425 47.253670 0
-46.365845 47.306625 0
-46.386292 47.359573 0
-46.406769 47.412514 0
-46.427280 47.465446 0
-46.447819 47.518372 0
-46.468391 47.571293 0
-46.488998 47.624207 0
-46.509632 47.677116 0
-46.530300 47.730015 0
-46.550999 47.782909 0
-46.571728 47.835793 0
-46.592491 47.888672 0
-47.965046 46.044704 0
-47.986122 46.098297 0

File: raw/L1B_Catalogue/2017-10/31/H18/2017-10.31.H18.kmz
-46.366001 47.996754 0
-46.386269 47.942879 0
-46.406502 47.889004 0
-46.426704 47.835125 0
-46.446873 47.781250 0
-46.467007 47.727371 0
-46.487106 47.673489 0
-46.507175 47.619606 0
-46.527214 47.565720 0
-46.547215 47.511837 0
-46.567184 47.457951 0
-46.587124 47.404064 0
-46.607029 47.350174 0
-46.626904 47.296288 0
-46.646744 47.242397 0
-46.666553 47.188503 0
-46.686333 47.134609 0
-46.706081 47.080711 0
-46.725800 47.026814 0
-46.745487 46.972912 0
-46.765144 46.919010 0
-46.784767 46.865108 0
-46.804359 46.811207 0
-46.823925 46.757305 0
-46.843456 46.703403 0
-46.862957 46.649498 0
-46.882423 46.595596 0
-46.901867 46.541691 0
-46.921276 46.487785 0
-46.940655 46.433876 0
-46.960003 46.379971 0
-46.979321 46.326065 0
-46.998608 46.272160 0
-47.017864 46.218254 0
-47.037094 46.164345 0
-47.056290 46.110435 0
-47.075455 46.056526 0
-47.094593 46.002613 0
-47.361782 47.950138 0
-47.379143 47.899242 0
-47.396488 47.848335 0
-47.413815 47.797417 0
-47.431126 47.746483 0
-47.448418 47.695538 0
-47.465691 47.644581 0
-47.482948 47.593613 0
-47.500191 47.542629 0
-47.517414 47.491631 0
-47.534618 47.440624 0
-47.551811 47.389599 0
-47.688740 46.980965 0
-47.705784 46.929829 0
-47.722813 46.878677 0
-47.739822 46.827515 0
-47.756817 46.776340 0
-47.773800 46.725155 0
-47.790760 46.673958 0
-47.807709 46.622746 0
-47.824638 46.571522 0
-47.841557 46.520287 0
-47.858456 46.469040 0
-47.875340 46.417782 0
-47.892208 46.366505 0
-47.909061 46.315216 0
-47.925900 46.263916 0
-47.942719 46.212605 0
-47.959522 46.161282 0
-47.976315 46.109947 0
-47.993084 46.058601 0

File: raw/L1B_Catalogue/2016-08/18/H00/2016-08.18.H00.kmz
-46.020641 46.913315 0
-46.043327 46.966343 0
-46.066051 47.019360 0
-46.088810 47.072365 0
-46.111607 47.125362 0
-46.134441 47.178349 0
-46.157314 47.231323 0
-46.180225 47.284286 0
-46.203175 47.337242 0
-46.226162 47.390186 0
-46.249187 47.443119 0
-46.272255 47.496048 0
-46.295361 47.548962 0
-46.318504 47.601868 0
-46.341686 47.654762 0
-46.364910 47.707645 0
-46.388172 47.760517 0
-46.411472 47.813381 0
-46.434811 47.866234 0
-46.458191 47.919075 0
-46.481609 47.971909 0

File: raw/L1B_Catalogue/2015-10/11/H00/2015-10.11.H00.kmz
-47.374977 46.006756 0
-47.397896 46.059216 0
-47.420837 46.111679 0
-47.443829 46.164131 0
-47.466866 46.216572 0
-47.489952 46.269001 0
-47.513084 46.321419 0
-47.536259 46.373825 0
-47.559475 46.426224 0
-47.582733 46.478611 0
-47.606030 46.530994 0
-47.629364 46.583370 0
-47.652737 46.635746 0
-47.676155 46.688107 0
-47.699612 46.740463 0
-47.723110 46.792809 0
-47.746651 46.845146 0
-47.770233 46.897472 0
-47.793861 46.949795 0
-47.817528 47.002106 0
-47.841236 47.054409 0
-47.864986 47.106705 0
-47.888783 47.158997 0
-47.912621 47.211281 0
-47.936501 47.263557 0
-47.960426 47.315823 0
-47.984390 47.368080 0

File: raw/L1B_Catalogue/2016-12/15/H00/2016-12.15.H00.kmz
-46.018017 47.416534 0
-46.037884 47.470356 0
-46.057781 47.524178 0
-46.077709 47.577999 0
-46.097675 47.631824 0
-46.117672 47.685646 0
-46.137703 47.739471 0
-46.157764 47.793293 0
-46.177860 47.847115 0
-46.197990 47.900936 0
-46.218151 47.954754 0

File: raw/L1B_Catalogue/2016-11/30/H00/2016-11.30.H00.kmz
-46.978565 46.050301 0
-46.997074 46.104549 0
-47.015614 46.158798 0
-47.034180 46.213043 0
-47.052773 46.267288 0
-47.071392 46.321537 0
-47.090038 46.375778 0
-47.108711 46.430023 0
-47.127415 46.484264 0
-47.146141 46.538506 0
-47.164898 46.592751 0
-47.183681 46.646992 0
-47.202496 46.701233 0
-47.221336 46.755478 0
-47.240204 46.809719 0
-47.259102 46.863960 0
-47.278027 46.918201 0
-47.296978 46.972439 0
-47.315960 47.026676 0
-47.334969 47.080914 0
-47.354008 47.135151 0
-47.373074 47.189384 0
-47.392170 47.243622 0
-47.411293 47.297855 0
-47.430447 47.352085 0
-47.449627 47.406319 0
-47.468838 47.460545 0
-47.488075 47.514774 0
-47.507347 47.569000 0
-47.526642 47.623226 0
-47.545971 47.677448 0
-47.565331 47.731670 0
-47.584717 47.785896 0
-47.604137 47.840122 0
-47.623585 47.894344 0
-47.643063 47.948563 0

File: raw/L1B_Catalogue/2016-11/29/H18/2016-11.29.H18.kmz
-46.328289 47.971142 0
-46.348198 47.917259 0
-46.368076 47.863373 0
-46.387920 47.809490 0
-46.407734 47.755604 0
-46.427513 47.701714 0
-46.447262 47.647827 0
-46.466980 47.593937 0
-46.486668 47.540047 0
-46.506321 47.486156 0
-46.525948 47.432259 0
-46.545540 47.378361 0
-46.565105 47.324463 0
-46.584637 47.270565 0
-46.604141 47.216667 0
-46.623611 47.162766 0
-46.643051 47.108864 0
-46.662464 47.054962 0
-46.681843 47.001060 0
-46.701195 46.947159 0
-46.720516 46.893253 0
-46.739807 46.839348 0
-46.759071 46.785442 0
-46.778301 46.731537 0
-46.797504 46.677631 0
-46.816677 46.623726 0
-46.835823 46.569817 0
-46.854935 46.515907 0
-46.874020 46.461998 0
-46.893078 46.408089 0
-46.912106 46.354176 0
-46.931103 46.300259 0
-46.950073 46.246346 0
-46.969013 46.192429 0
-46.987926 46.138512 0
-47.175449 47.554214 0
-47.192089 47.504044 0
-47.208710 47.453857 0
-47.225319 47.403660 0
-47.241913 47.353443 0
-47.258495 47.303215 0
-47.275063 47.252972 0
-47.291615 47.202713 0
-47.308151 47.152435 0
-47.324677 47.102146 0
-47.341187 47.051842 0
-47.357685 47.001522 0
-47.374165 46.951187 0
-47.390636 46.900841 0
-47.407089 46.850479 0
-47.423531 46.800102 0
-47.439957 46.749710 0
-47.456371 46.699303 0
-47.472775 46.648880 0
-47.489162 46.598442 0
-47.505539 46.547989 0
-47.521900 46.497524 0
-47.538246 46.447041 0
-47.554581 46.396549 0
-47.570904 46.346039 0
-47.587212 46.295517 0
-47.603508 46.244980 0
-47.619789 46.194427 0
-47.636059 46.143860 0
-47.652317 46.093277 0
-47.668560 46.042683 0

File: raw/L1B_Catalogue/2016-06/23/H00/2016-06.23.H00.kmz
-46.015911 46.412930 0
-46.035717 46.466045 0
-46.055553 46.519157 0
-46.075420 46.572262 0
-46.095314 46.625359 0
-46.115234 46.678448 0
-46.135189 46.731533 0
-46.155167 46.784611 0
-46.175179 46.837685 0
-46.195217 46.890751 0
-46.215290 46.943813 0
-46.235390 46.996868 0
-46.255520 47.049919 0
-46.275677 47.102962 0
-46.295868 47.155998 0
-46.316090 47.209030 0
-46.336338 47.262054 0
-46.356617 47.315071 0
-46.376930 47.368080 0
-46.397270 47.421085 0
-46.417648 47.474083 0
-46.438053 47.527077 0
-46.458488 47.580063 0
-46.478958 47.633041 0
-46.499454 47.686012 0
-46.519985 47.738976 0
-46.540546 47.791935 0
-46.561138 47.844883 0
-46.581764 47.897831 0
-46.602417 47.950768 0

File: raw/L1B_Catalogue/2016-06/07/H00/2016-06.07.H00.kmz
-46.238346 47.739983 0
-46.260742 47.792629 0
-46.283180 47.845272 0
-46.305672 47.897919 0
-46.328178 47.950562 0

File: raw/L1B_Catalogue/2015-06/21/H00/2015-06.21.H00.kmz
-47.177540 46.023075 0
-47.201221 46.076523 0
-47.224945 46.129963 0
-47.248711 46.183395 0
-47.272522 46.236820 0
-47.296371 46.290237 0
-47.320267 46.343647 0
-47.344204 46.397045 0
-47.368183 46.450439 0
-47.392208 46.503826 0
-47.416275 46.557209 0
-47.440384 46.610580 0
-47.464539 46.663940 0
-47.488739 46.717297 0
-47.512978 46.770641 0
-47.537266 46.823978 0
-47.561600 46.877308 0
-47.585976 46.930630 0
-47.610397 46.983944 0
-47.634869 47.037251 0
-47.659382 47.090549 0
-47.683941 47.143837 0
-47.708549 47.197117 0
-47.733200 47.250385 0
-47.757896 47.303646 0
-47.782642 47.356899 0
-47.807430 47.410145 0
-47.832268 47.463379 0
-47.857151 47.516609 0
-47.882080 47.569828 0
-47.907059 47.623039 0
-47.932083 47.676239 0
-47.957153 47.729435 0
-47.982273 47.782619 0

File: raw/L1B_Catalogue/2016-10/20/H00/2016-10.20.H00.kmz
-46.012215 47.324650 0
-46.029324 47.379635 0
-46.046448 47.434620 0
-46.063595 47.489605 0
-46.080765 47.544594 0
-46.097954 47.599579 0
-46.115166 47.654568 0
-46.132401 47.709553 0
-46.149654 47.764538 0
-46.166927 47.819519 0
-46.184223 47.874504 0
-46.201542 47.929485 0
-46.218884 47.984467 0

File: raw/L1B_Catalogue/2016-10/20/H18/2016-10.20.H18.kmz
-46.003563 47.379452 0
-46.029472 47.327400 0
-46.055325 47.275345 0
-46.081123 47.223286 0
-46.106865 47.171223 0
-46.132553 47.119152 0
-46.158188 47.067081 0
-46.183769 47.015003 0
-46.209297 46.962917 0
-46.234768 46.910831 0
-46.260189 46.858742 0
-46.285553 46.806648 0
-46.310867 46.754547 0
-46.336124 46.702446 0
-46.361328 46.650337 0
-46.386478 46.598228 0
-46.411575 46.546112 0
-46.436619 46.493988 0
-46.461609 46.441860 0
-46.486546 46.389729 0
-46.511429 46.337597 0
-46.536259 46.285458 0
-46.561039 46.233315 0
-46.585762 46.181168 0
-46.610439 46.129021 0
-46.635059 46.076870 0

File: raw/L1B_Catalogue/2016-10/04/H00/2016-10.04.H00.kmz
-46.207764 46.037128 0
-46.226654 46.091217 0
-46.245567 46.145298 0
-46.264511 46.199371 0
-46.283478 46.253441 0
-46.302471 46.307503 0
-46.321495 46.361561 0
-46.340542 46.415611 0
-46.359615 46.469658 0
-46.378716 46.523693 0
-46.397842 46.577724 0
-46.416996 46.631748 0
-46.436176 46.685764 0
-46.455383 46.739773 0
-46.474613 46.793777 0
-46.493874 46.847775 0
-46.513161 46.901768 0
-46.532478 46.955753 0
-46.551819 47.009731 0
-46.571186 47.063702 0
-46.590584 47.117668 0
-46.610004 47.171627 0
-46.629456 47.225578 0
-46.648933 47.279522 0
-46.668442 47.333462 0
-46.687977 47.387394 0
-46.707539 47.441322 0
-46.727131 47.495243 0
-46.746754 47.549156 0
-46.766399 47.603062 0
-46.786076 47.656963 0
-46.805782 47.710857 0
-46.825516 47.764740 0
-46.845280 47.818619 0
-46.865070 47.872494 0
-46.884892 47.926357 0
-46.904739 47.980217 0

File: raw/L1B_Catalogue/2016-10/04/H18/2016-10.04.H18.kmz
-46.749668 47.993824 0
-46.773087 47.940308 0
-46.796463 47.886780 0
-46.819794 47.833244 0
-46.843090 47.779701 0
-46.866341 47.726151 0
-46.889553 47.672592 0
-46.912724 47.619026 0
-46.935856 47.565453 0
-46.958946 47.511868 0
-46.981998 47.458279 0
-47.005013 47.404678 0
-47.027981 47.351074 0
-47.050915 47.297459 0
-47.073807 47.243835 0
-47.096657 47.190208 0
-47.119473 47.136570 0
-47.142246 47.082920 0
-47.164982 47.029263 0
-47.187679 46.975597 0
-47.210339 46.921921 0
-47.232960 46.868240 0
-47.255543 46.814548 0
-47.278084 46.760849 0
-47.300591 46.707142 0
-47.323059 46.653427 0
-47.345490 46.599705 0
-47.367882 46.545975 0
-47.390240 46.492233 0
-47.412563 46.438484 0
-47.434845 46.384727 0
-47.457092 46.330963 0
-47.479301 46.277191 0
-47.501476 46.223415 0
-47.523609 46.169628 0
-47.545708 46.115837 0
-47.567768 46.062038 0
-47.589794 46.008232 0

File: raw/L1B_Catalogue/2016-10/03/H18/2016-10.03.H18.kmz
-46.004131 47.702248 0
-46.023071 47.647408 0
-46.041981 47.592567 0
-46.060863 47.537724 0
-46.079720 47.482880 0
-46.098545 47.428032 0
-46.117352 47.373180 0
-46.136127 47.318325 0
-46.154877 47.263470 0
-46.173599 47.208614 0
-46.192295 47.153755 0
-46.210960 47.098896 0
-46.229603 47.044033 0
-46.248219 46.989166 0
-46.266804 46.934299 0
-46.285366 46.879429 0
-46.303902 46.824551 0
-46.322411 46.769676 0
-46.340893 46.714794 0
-46.359348 46.659912 0
-46.377777 46.605026 0
-46.396183 46.550140 0
-46.414558 46.495255 0
-46.432911 46.440365 0
-46.451241 46.385471 0
-46.469543 46.330582 0
-46.487823 46.275684 0
-46.506077 46.220783 0
-46.524307 46.165886 0
-46.542511 46.110985 0
-46.560692 46.056080 0
-46.578850 46.001175 0

File: raw/L1B_Catalogue/2016-10/19/H18/2016-10.19.H18.kmz
-47.029961 47.993832 0
-47.050392 47.939632 0
-47.070789 47.885429 0
-47.091152 47.831223 0
-47.111485 47.777016 0
-47.131783 47.722809 0
-47.152046 47.668598 0
-47.172279 47.614388 0
-47.192478 47.560173 0
-47.212643 47.505959 0
-47.232773 47.451744 0
-47.252869 47.397526 0
-47.272938 47.343304 0
-47.292973 47.289082 0
-47.312969 47.234856 0
-47.332939 47.180630 0
-47.352871 47.126400 0
-47.372772 47.072174 0
-47.392639 47.017944 0
-47.412476 46.963711 0
-47.432281 46.909481 0
-47.452053 46.855247 0
-47.471794 46.801010 0
-47.491505 46.746773 0
-47.511181 46.692535 0
-47.530827 46.638294 0
-47.550442 46.584057 0
-47.570023 46.529816 0
-47.589573 46.475574 0
-47.609097 46.421329 0
-47.628586 46.367088 0
-47.648045 46.312843 0
-47.667473 46.258595 0
-47.686871 46.204346 0
-47.706242 46.150093 0
-47.725578 46.095844 0
-47.744884 46.041592 0

File: raw/L1B_Catalogue/2018-08/08/H06/2018-08.08.H06.kmz
-47.314079 46.048336 0
-47.334576 46.101601 0
-47.355103 46.154865 0
-47.375664 46.208126 0
-47.396259 46.261383 0
-47.416885 46.314640 0
-47.437546 46.367889 0
-47.458241 46.421139 0
-47.478970 46.474384 0
-47.499729 46.527626 0
-47.520523 46.580864 0
-47.541351 46.634098 0
-47.562210 46.687328 0
-47.583107 46.740559 0
-47.604038 46.793785 0
-47.625004 46.847008 0
-47.646004 46.900227 0
-47.667038 46.953442 0
-47.688107 47.006653 0
-47.709209 47.059856 0
-47.730347 47.113060 0
-47.751518 47.166256 0
-47.772724 47.219452 0
-47.793968 47.272640 0
-47.815250 47.325825 0
-47.836563 47.379005 0
-47.857914 47.432182 0
-47.879299 47.485355 0
-47.900723 47.538525 0
-47.922180 47.591686 0
-47.943676 47.644848 0
-47.965206 47.698002 0
-47.986774 47.751156 0

File: raw/L1B_Catalogue/2018-08/03/H18/2018-08.03.H18.kmz
-46.673180 47.986217 0
-46.697762 47.933270 0
-46.722301 47.880310 0
-46.746796 47.827339 0
-46.771248 47.774361 0
-46.795654 47.721371 0
-46.820019 47.668373 0
-46.844341 47.615364 0
-46.868626 47.562344 0
-46.892864 47.509312 0
-46.917061 47.456272 0
-46.941216 47.403221 0
-46.965328 47.350163 0
-46.989399 47.297092 0
-47.013428 47.244015 0
-47.037415 47.190926 0
-47.061356 47.137829 0
-47.085258 47.084721 0
-47.109119 47.031597 0
-47.132938 46.978466 0
-47.156712 46.925327 0
-47.345444 46.499859 0
-47.368855 46.446629 0
-47.392227 46.393391 0
-47.415558 46.340145 0
-47.438850 46.286888 0
-47.462101 46.233624 0
-47.485313 46.180351 0
-47.508488 46.127068 0
-47.531620 46.073776 0
-47.554718 46.020477 0

File: raw/L1B_Catalogue/2018-08/03/H06/2018-08.03.H06.kmz
-46.403889 46.014511 0
-46.422260 46.069012 0
-46.440655 46.123505 0
-46.459076 46.177994 0
-46.477520 46.232475 0
-46.495987 46.286953 0
-46.514481 46.341427 0
-46.533005 46.395897 0
-46.551548 46.450359 0
-46.570122 46.504814 0
-46.588718 46.559269 0
-46.607338 46.613712 0
-46.625984 46.668156 0
-46.644657 46.722591 0
-46.663357 46.777020 0
-46.682079 46.831448 0
-46.700825 46.885868 0
-46.719601 46.940289 0
-46.738403 46.994705 0
-46.757233 47.049118 0
-46.776085 47.103523 0
-46.794964 47.157925 0
-46.813866 47.212318 0
-46.832798 47.266708 0
-46.851753 47.321091 0
-46.870735 47.375469 0
-46.889744 47.429840 0
-46.908779 47.484207 0
-46.927841 47.538570 0
-46.946930 47.592926 0
-46.966042 47.647274 0
-46.985184 47.701618 0
-47.004353 47.755955 0
-47.023552 47.810287 0
-47.042774 47.864613 0
-47.062027 47.918938 0
-47.081310 47.973255 0

File: raw/L1B_Catalogue/2018-08/02/H18/2018-08.02.H18.kmz
-46.530212 47.949184 0
-46.549549 47.894398 0
-46.568855 47.839603 0
-46.588135 47.784809 0
-46.607380 47.730011 0
-46.626602 47.675213 0
-46.645794 47.620411 0
-46.664955 47.565609 0
-46.684093 47.510803 0
-46.703197 47.455994 0
-46.722279 47.401180 0
-46.741329 47.346363 0
-46.760357 47.291542 0
-46.779354 47.236717 0
-46.798325 47.181892 0
-46.817268 47.127060 0
-46.836185 47.072227 0
-46.855072 47.017395 0
-46.873936 46.962559 0
-46.892769 46.907719 0
-46.911575 46.852879 0
-46.930355 46.798035 0
-46.949108 46.743187 0
-46.967834 46.688339 0
-46.986534 46.633488 0
-47.005207 46.578636 0
-47.023853 46.523781 0
-47.042473 46.468922 0
-47.061066 46.414063 0
-47.079632 46.359203 0
-47.098175 46.304337 0
-47.116692 46.249470 0
-47.135181 46.194599 0
-47.153648 46.139721 0
-47.172092 46.084843 0
-47.190506 46.029964 0

File: raw/L1B_Catalogue/2018-08/07/H18/2018-08.07.H18.kmz
-47.000927 47.720024 0
-47.018749 47.665680 0
-47.036552 47.611336 0
-47.054329 47.556992 0
-47.072086 47.502647 0
-47.089817 47.448299 0
-47.107529 47.393948 0
-47.125217 47.339596 0
-47.142887 47.285244 0
-47.160530 47.230888 0
-47.178150 47.176537 0
-47.195751 47.122185 0
-47.213326 47.067833 0
-47.230877 47.013481 0
-47.248409 46.959129 0
-47.265915 46.904778 0
-47.283401 46.850426 0
-47.300861 46.796078 0
-47.318302 46.741730 0
-47.335720 46.687378 0
-47.353115 46.633034 0
-47.370487 46.578686 0
-47.387840 46.524338 0
-47.405170 46.469990 0
-47.422478 46.415642 0
-47.439766 46.361294 0
-47.457035 46.306942 0
-47.474285 46.252590 0
-47.491512 46.198238 0
-47.508720 46.143887 0
-47.525906 46.089531 0
-47.543068 46.035179 0

File: raw/L1B_Catalogue/2017-03/13/H18/2017-03.13.H18.kmz
-47.045425 47.982094 0
-47.068645 47.929409 0
-47.091820 47.876717 0
-47.114952 47.824024 0
-47.138039 47.771328 0
-47.161079 47.718632 0
-47.184078 47.665928 0
-47.207031 47.613224 0
-47.229939 47.560520 0
-47.252804 47.507809 0
-47.275631 47.455093 0
-47.298409 47.402378 0
-47.321144 47.349659 0
-47.343838 47.296936 0
-47.366489 47.244213 0
-47.389095 47.191490 0
-47.411659 47.138763 0
-47.434181 47.086033 0
-47.456661 47.033302 0
-47.479095 46.980572 0
-47.501495 46.927837 0
-47.523849 46.875099 0
-47.546162 46.822361 0
-47.568436 46.769623 0
-47.590664 46.716885 0
-47.612854 46.664139 0
-47.634998 46.611397 0
-47.657104 46.558647 0
-47.679169 46.505898 0
-47.701191 46.453148 0
-47.723179 46.400391 0
-47.745121 46.347630 0
-47.767025 46.294868 0
-47.788883 46.242104 0
-47.810707 46.189339 0
-47.832489 46.136570 0
-47.854229 46.083801 0
-47.875927 46.031033 0

File: raw/L1B_Catalogue/2017-03/28/H18/2017-03.28.H18.kmz
-47.194427 47.949627 0
-47.215096 47.895603 0
-47.235729 47.841572 0
-47.256332 47.787533 0
-47.276901 47.733490 0
-47.297440 47.679440 0
-47.317947 47.625385 0
-47.761261 46.434608 0
-47.781067 46.380417 0
-47.800842 46.326218 0
-47.820583 46.272018 0
-47.840302 46.217812 0
-47.859985 46.163597 0
-47.879642 46.109379 0
-47.899273 46.055153 0
-47.918873 46.000923 0

File: raw/L1B_Catalogue/2017-03/12/H18/2017-03.12.H18.kmz
-46.001041 46.210735 0
-46.020252 46.156124 0
-46.039436 46.101509 0
-46.058594 46.046890 0

File: raw/L1B_Catalogue/2017-03/14/H06/2017-03.14.H06.kmz
-47.656410 46.001797 0
-47.672119 46.057274 0
-47.687843 46.112747 0
-47.703583 46.168217 0
-47.719337 46.223686 0
-47.735107 46.279156 0
-47.750893 46.334621 0
-47.766697 46.390091 0
-47.782513 46.445553 0
-47.798347 46.501019 0
-47.814198 46.556484 0
-47.830063 46.611946 0
-47.845943 46.667408 0
-47.861843 46.722870 0
-47.877758 46.778328 0
-47.893688 46.833786 0
-47.909634 46.889240 0
-47.925602 46.944695 0
-47.941582 47.000149 0
-47.957584 47.055607 0
-47.973598 47.111061 0
-47.989635 47.166515 0

File: raw/L1B_Catalogue/2018-03/20/H18/2018-03.20.H18.kmz
-47.246735 47.969265 0
-47.265739 47.915504 0
-47.284710 47.861744 0
-47.303658 47.807980 0
-47.322578 47.754219 0
-47.341469 47.700451 0
-47.360336 47.646683 0
-47.379173 47.592915 0
-47.397987 47.539139 0
-47.416771 47.485363 0
-47.454262 47.377800 0
-47.472969 47.324017 0
-47.491650 47.270226 0
-47.510300 47.216438 0
-47.528927 47.162647 0
-47.547527 47.108852 0
-47.566105 47.055058 0
-47.584652 47.001263 0
-47.603176 46.947464 0
-47.621677 46.893661 0
-47.640152 46.839855 0
-47.658600 46.786049 0
-47.677025 46.732243 0
-47.695423 46.678436 0
-47.713795 46.624626 0
-47.732143 46.570812 0
-47.750465 46.516998 0
-47.768764 46.463181 0
-47.787033 46.409363 0
-47.805283 46.355537 0
-47.823505 46.301712 0
-47.841705 46.247883 0
-47.859879 46.194054 0
-47.878029 46.140224 0
-47.896152 46.086391 0
-47.914253 46.032558 0

File: raw/L1B_Catalogue/2018-03/21/H06/2018-03.21.H06.kmz
-47.092556 46.050549 0
-47.111118 46.104301 0
-47.129704 46.158054 0
-47.148319 46.211811 0
-47.166962 46.265568 0
-47.185627 46.319321 0
-47.204319 46.373074 0
-47.223042 46.426823 0
-47.241787 46.480572 0
-47.260559 46.534317 0
-47.279358 46.588062 0
-47.298187 46.641808 0
-47.317039 46.695549 0
-47.335922 46.749290 0
-47.354832 46.803028 0
-47.373768 46.856766 0
-47.392731 46.910500 0
-47.411720 46.964233 0
-47.430740 47.017963 0
-47.449787 47.071693 0
-47.468861 47.125420 0
-47.487965 47.179150 0
-47.507095 47.232876 0
-47.526260 47.286602 0
-47.545448 47.340328 0
-47.564667 47.394054 0
-47.583916 47.447777 0
-47.603191 47.501499 0
-47.622498 47.555218 0
-47.641830 47.608936 0
-47.661190 47.662651 0
-47.680584 47.716362 0
-47.700005 47.770073 0
-47.719452 47.823784 0
-47.738934 47.877495 0
-47.758442 47.931198 0
-47.777981 47.984901 0

File: raw/L1B_Catalogue/2018-03/09/H18/2018-03.09.H18.kmz
-47.123871 47.956497 0
-47.137779 47.903416 0
-47.151680 47.850330 0
-47.165573 47.797234 0
-47.179455 47.744129 0
-47.193333 47.691021 0
-47.207199 47.637909 0
-47.221062 47.584789 0
-47.234913 47.531662 0
-47.248760 47.478527 0
-47.262600 47.425388 0
-47.276436 47.372246 0
-47.290260 47.319092 0
-47.304085 47.265934 0
-47.317902 47.212765 0
-47.331711 47.159595 0
-47.345516 47.106415 0
-47.359310 47.053234 0
-47.373100 47.000042 0
-47.386883 46.946846 0
-47.400658 46.893646 0
-47.414425 46.840439 0
-47.428181 46.787224 0
-47.441933 46.733997 0
-47.455673 46.680771 0
-47.469410 46.627533 0
-47.483135 46.574295 0
-47.496857 46.521046 0
-47.510567 46.467796 0
-47.524273 46.414536 0
-47.537971 46.361275 0
-47.551666 46.308006 0
-47.565353 46.254730 0
-47.579037 46.201447 0
-47.592716 46.148163 0
-47.606388 46.094868 0
-47.620052 46.041573 0

File: raw/L1B_Catalogue/2018-03/26/H06/2018-03.26.H06.kmz
-46.035564 47.600491 0
-46.054066 47.654240 0
-46.072594 47.707989 0
-46.091148 47.761734 0
-46.109730 47.815479 0
-46.128334 47.869221 0
-46.146969 47.922962 0
-46.165627 47.976700 0

File: raw/L1B_Catalogue/2018-03/10/H18/2018-03.10.H18.kmz
-46.005283 47.537392 0
-46.027267 47.483501 0
-46.049217 47.429607 0
-46.071121 47.375710 0
-46.092991 47.321812 0
-46.114819 47.267902 0
-46.136608 47.213997 0
-46.158360 47.160084 0
-46.180073 47.106171 0
-46.201744 47.052254 0
-46.223377 46.998333 0
-46.244972 46.944412 0
-46.266529 46.890488 0
-46.288048 46.836555 0
-46.309528 46.782623 0
-46.330975 46.728687 0
-46.352379 46.674744 0
-46.373745 46.620800 0
-46.395077 46.566853 0
-46.416370 46.512901 0
-46.437622 46.458946 0
-46.458839 46.404991 0
-46.480019 46.351032 0
-46.501163 46.297073 0
-46.522270 46.243111 0
-46.543339 46.189140 0
-46.564369 46.135170 0
-46.585365 46.081196 0
-46.606323 46.027222 0

File: raw/L1B_Catalogue/2018-03/10/H06/2018-03.10.H06.kmz
-46.198338 46.052773 0
-46.219105 46.105846 0
-46.239906 46.158909 0
-46.260738 46.211971 0
-46.281605 46.265026 0
-46.302505 46.318077 0
-46.323441 46.371124 0
-46.344406 46.424164 0
-46.365410 46.477200 0
-46.386440 46.530231 0
-46.407509 46.583256 0
-46.428608 46.636276 0
-46.449745 46.689289 0
-46.470913 46.742294 0
-46.492111 46.795296 0
-46.513348 46.848293 0
-46.534618 46.901283 0
-46.555923 46.954269 0
-46.577263 47.007252 0
-46.598637 47.060223 0
-46.620041 47.113190 0
-46.641483 47.166153 0
-46.662964 47.219109 0
-46.684475 47.272057 0
-46.706024 47.324997 0
-46.727608 47.377934 0
-46.749226 47.430866 0
-46.770885 47.483795 0
-46.792576 47.536713 0
-46.814304 47.589626 0
-46.836071 47.642536 0
-46.857868 47.695435 0
-46.879707 47.748329 0
-46.901581 47.801216 0
-46.923492 47.854095 0
-46.945438 47.906971 0
-46.967422 47.959839 0
-47.614048 46.049469 0
-47.634995 46.102692 0
-47.655983 46.155910 0
-47.677010 46.209129 0
-47.698074 46.262348 0
-47.719181 46.315567 0
-47.740326 46.368786 0
-47.761513 46.422001 0
-47.782738 46.475220 0
-47.804001 46.528431 0
-47.825306 46.581646 0
-47.846653 46.634861 0
-47.868042 46.688076 0
-47.889469 46.741287 0
-47.910938 46.794495 0
-47.932446 46.847706 0
-47.953995 46.900913 0
-47.975586 46.954117 0
-47.997219 47.007324 0

File: raw/L1B_Catalogue/2018-03/05/H18/2018-03.05.H18.kmz
-47.703644 47.958099 0
-47.724937 47.904198 0
-47.746193 47.850292 0
-47.767410 47.796387 0
-47.788593 47.742477 0
-47.809738 47.688568 0
-47.830849 47.634655 0
-47.851921 47.580738 0
-47.872955 47.526825 0
-47.893955 47.472908 0
-47.914917 47.418987 0
-47.935841 47.365067 0
-47.956730 47.311142 0
-47.977581 47.257217 0
-47.998398 47.203289 0
-47.277462 47.405598 0
-47.385166 47.143017 0
-47.428020 47.037910 0

File: raw/L1B_Catalogue/2018-03/05/H06/2018-03.05.H06.kmz
-46.394566 46.796246 0
-46.414459 46.849117 0
-46.434383 46.901981 0
-46.454330 46.954838 0
-46.474312 47.007687 0
-46.494316 47.060532 0
-46.514351 47.113365 0
-46.534416 47.166191 0
-46.554508 47.219009 0
-46.574631 47.271824 0
-46.594780 47.324631 0
-46.614964 47.377430 0
-46.635170 47.430222 0
-46.655411 47.483006 0
-46.675678 47.535782 0
-46.695976 47.588547 0
-46.716305 47.641304 0
-46.736664 47.694057 0
-46.757050 47.746799 0
-46.777470 47.799534 0
-46.797924 47.852261 0
-46.818405 47.904980 0
-46.838921 47.957691 0
-47.186211 46.009247 0
-47.206974 46.062469 0
-47.227772 46.115692 0
-47.248604 46.168907 0
-47.269470 46.222118 0
-47.290371 46.275330 0
-47.311310 46.328533 0
-47.332279 46.381733 0
-47.353287 46.434933 0
-47.374332 46.488129 0
-47.395416 46.541321 0
-47.416531 46.594505 0
-47.437687 46.647690 0
-47.458874 46.700871 0
-47.480099 46.754047 0
-47.501354 46.807217 0
-47.522648 46.860386 0
-47.543976 46.913548 0
-47.565338 46.966709 0
-47.586739 47.019871 0
-47.608173 47.073025 0
-47.629642 47.126179 0
-47.651146 47.179325 0
-47.672684 47.232468 0
-47.694260 47.285606 0
-47.715870 47.338741 0
-47.737522 47.391869 0
-47.759209 47.444992 0
-47.780933 47.498112 0
-47.802696 47.551228 0
-47.824493 47.604340 0
-47.846333 47.657444 0
-47.868210 47.710545 0
-47.890125 47.763641 0
-47.912079 47.816730 0
-47.934067 47.869816 0
-47.956097 47.922901 0
-47.978165 47.975979 0

File: raw/L1B_Catalogue/2018-03/31/H18/2018-03.31.H18.kmz
-46.863834 47.952465 0
-46.885822 47.899147 0
-46.907764 47.845825 0
-46.929668 47.792503 0
-46.951530 47.739182 0
-46.973351 47.685860 0
-46.995129 47.632534 0
-47.016865 47.579208 0
-47.060226 47.472549 0
-47.081844 47.419220 0
-47.103424 47.365887 0
-47.124962 47.312553 0
-47.146458 47.259224 0
-47.167915 47.205887 0
-47.189335 47.152554 0
-47.210712 47.099216 0
-47.232052 47.045879 0
-47.253349 46.992538 0
-47.274609 46.939198 0
-47.295830 46.885857 0
-47.317013 46.832512 0
-47.338154 46.779167 0
-47.359257 46.725822 0
-47.380322 46.672478 0
-47.401348 46.619133 0
-47.422340 46.565784 0
-47.443291 46.512436 0
-47.464207 46.459084 0
-47.485081 46.405731 0
-47.505920 46.352379 0
-47.526726 46.299023 0
-47.547489 46.245670 0
-47.568218 46.192314 0
-47.588905 46.138962 0
-47.609562 46.085606 0
-47.630177 46.032249 0

File: raw/L1B_Catalogue/2018-03/30/H18/2018-03.30.H18.kmz
-47.771717 47.997597 0
-47.787796 47.943523 0
-47.803860 47.889442 0
-47.819904 47.835361 0
-47.835938 47.781277 0
-47.851952 47.727192 0
-47.867950 47.673103 0
-47.883930 47.619015 0
-47.899899 47.564926 0
-47.915848 47.510834 0
-47.931782 47.456741 0
-47.947701 47.402645 0
-47.963608 47.348549 0
-47.979496 47.294449 0
-47.995369 47.240349 0

File: raw/L1B_Catalogue/2018-03/30/H06/2018-03.30.H06.kmz
-46.098690 47.661407 0

File: raw/L1B_Catalogue/2018-03/25/H18/2018-03.25.H18.kmz
-46.015053 46.842827 0
-46.034279 46.789074 0
-46.053474 46.735317 0
-46.072643 46.681557 0
-46.091782 46.627796 0
-46.110889 46.574036 0
-46.129971 46.520275 0
-46.149025 46.466515 0
-46.168049 46.412750 0
-46.187050 46.358986 0
-46.206020 46.305218 0
-46.224964 46.251446 0
-46.243881 46.197678 0
-46.262772 46.143909 0
-46.281631 46.090137 0
-46.300468 46.036366 0

File: raw/L1B_Catalogue/2018-03/15/H06/2018-03.15.H06.kmz
-46.012817 47.714451 0
-46.034660 47.766872 0
-46.056534 47.819279 0
-46.078445 47.871681 0
-46.100391 47.924072 0
-46.122372 47.976456 0
-46.018597 46.857250 0
-46.039497 46.910545 0
-46.060440 46.963840 0
-46.081417 47.017136 0
-46.102436 47.070435 0
-46.123489 47.123730 0

File: raw/L1B_Catalogue/2018-03/16/H18/2018-03.16.H18.kmz
-46.695026 47.978874 0
-46.720596 47.925472 0
-46.746113 47.872063 0
-46.771576 47.818649 0
-46.796993 47.765228 0
-46.822357 47.711800 0
-46.847668 47.658363 0
-46.872929 47.604919 0
-46.898140 47.551468 0
-46.923302 47.498009 0
-46.948414 47.444538 0
-46.973473 47.391064 0
-46.998486 47.337582 0
-47.023445 47.284092 0
-47.048355 47.230595 0
-47.073215 47.177094 0
-47.098030 47.123585 0
-47.122795 47.070068 0
-47.147511 47.016548 0
-47.172180 46.963017 0
-47.196800 46.909481 0
-47.221375 46.855938 0
-47.245903 46.802391 0
-47.270382 46.748837 0
-47.294811 46.695278 0
-47.319195 46.641712 0
-47.343533 46.588139 0
-47.367821 46.534561 0
-47.392063 46.480972 0
-47.416260 46.427376 0
-47.440411 46.373775 0
-47.464516 46.320168 0
-47.488575 46.266552 0
-47.512585 46.212933 0
-47.536549 46.159306 0
-47.560471 46.105675 0
-47.584343 46.052036 0

File: raw/L1B_Catalogue/2018-03/14/H18/2018-03.14.H18.kmz
-46.012486 46.697540 0
-46.027679 46.643845 0
-46.042858 46.590141 0
-46.058022 46.536434 0
-46.073174 46.482723 0
-46.088314 46.429008 0
-46.103439 46.375290 0
-46.118557 46.321568 0
-46.133659 46.267838 0
-46.148750 46.214108 0
-46.163826 46.160374 0
-46.178894 46.106636 0
-46.193951 46.052891 0

File: raw/L1B_Catalogue/2018-06/18/H18/2018-06.18.H18.kmz
-47.969513 46.457924 0
-47.996063 46.406109 0

File: raw/L1B_Catalogue/2018-06/06/H18/2018-06.06.H18.kmz
-46.630508 47.984684 0
-46.650410 47.931229 0
-46.670277 47.877766 0
-46.690117 47.824299 0
-46.709927 47.770828 0
-46.729710 47.717354 0
-46.749462 47.663872 0
-46.769184 47.610386 0
-46.788876 47.556900 0
-46.808540 47.503407 0
-46.828171 47.449913 0
-46.847778 47.396416 0
-46.867352 47.342911 0
-46.886898 47.289406 0
-46.906414 47.235897 0
-46.925903 47.182384 0
-46.945366 47.128864 0
-46.964798 47.075344 0
-46.984200 47.021820 0
-47.003574 46.968296 0
-47.022919 46.914764 0
-47.042236 46.861233 0
-47.061527 46.807693 0
-47.080788 46.754154 0
-47.100021 46.700611 0
-47.119228 46.647060 0
-47.138405 46.593506 0
-47.157555 46.539948 0
-47.176678 46.486385 0
-47.195774 46.432823 0
-47.214844 46.379253 0
-47.233883 46.325684 0
-47.252895 46.272110 0
-47.271881 46.218533 0
-47.290840 46.164955 0
-47.309776 46.111366 0
-47.328682 46.057777 0
-47.347561 46.004185 0
-46.393581 47.964542 0
-46.413376 47.912205 0
-46.433140 47.859856 0
-46.452877 47.807499 0
-46.472588 47.755131 0
-46.492268 47.702755 0
-46.511925 47.650372 0
-46.531551 47.597977 0
-46.551151 47.545578 0
-46.570724 47.493168 0
-46.590271 47.440750 0
-46.609791 47.388325 0
-46.629284 47.335892 0
-46.648750 47.283447 0
-46.668190 47.230995 0
-46.687607 47.178532 0
-46.706997 47.126064 0
-46.726360 47.073586 0
-46.745697 47.021103 0
-46.765011 46.968609 0
-46.784294 46.916107 0
-46.803555 46.863598 0
-46.822788 46.811081 0
-46.841999 46.758553 0
-46.861183 46.706017 0
-46.880344 46.653473 0
-46.899475 46.600918 0
-46.918587 46.548359 0
-46.937668 46.495789 0
-46.956726 46.443211 0
-46.975758 46.390625 0
-46.994766 46.338036 0
-47.013752 46.285435 0
-47.032707 46.232822 0
-47.051643 46.180202 0
-47.070553 46.127575 0
-47.089439 46.074940 0
-47.108299 46.022297 0

File: raw/L1B_Catalogue/2018-06/12/H18/2018-06.12.H18.kmz
-46.846664 47.997429 0
-46.869526 47.945053 0
-46.892326 47.892677 0
-46.915073 47.840302 0
-46.937763 47.787933 0
-46.960407 47.735561 0
-46.983002 47.683193 0
-47.005550 47.630821 0
-47.028061 47.578449 0
-47.050529 47.526077 0
-47.072960 47.473701 0
-47.095345 47.421322 0
-47.117683 47.368946 0
-47.139980 47.316570 0
-47.162231 47.264194 0
-47.184441 47.211819 0
-47.206604 47.159439 0
-47.228722 47.107063 0
-47.250797 47.054688 0
-47.272831 47.002312 0
-47.294823 46.949936 0
-47.316769 46.897556 0
-47.338673 46.845177 0
-47.360531 46.792801 0
-47.382351 46.740425 0
-47.404121 46.688049 0
-47.425854 46.635674 0
-47.447544 46.583298 0
-47.469189 46.530926 0
-47.490791 46.478554 0
-47.512356 46.426178 0
-47.533875 46.373806 0
-47.555355 46.321430 0
-47.576790 46.269062 0
-47.598183 46.216690 0
-47.619534 46.164322 0
-47.640846 46.111954 0
-47.662117 46.059586 0
-47.683342 46.007217 0

File: raw/L1B_Catalogue/2018-06/12/H06/2018-06.12.H06.kmz
-46.467896 47.051056 0
-46.486633 47.105267 0
-46.505402 47.159473 0
-46.524193 47.213676 0
-46.543018 47.267879 0
-46.561867 47.322075 0
-46.580746 47.376274 0
-46.599648 47.430470 0
-46.618580 47.484669 0
-46.637547 47.538860 0
-46.656540 47.593056 0
-46.675560 47.647255 0
-46.694603 47.701450 0
-46.713673 47.755646 0
-46.732773 47.809845 0
-46.751900 47.864037 0
-46.771053 47.918228 0
-46.790237 47.972420 0

File: raw/L1B_Catalogue/2018-06/07/H06/2018-06.07.H06.kmz
-47.946182 46.031956 0
-47.965244 46.086155 0
-47.984337 46.140358 0
--- 1404.3100018501282 seconds ---
