File: ../raw/L1B_Catalogue/2017-11/13/H18/2017-11.13.H18.kmz
-88.548950 27.338413 0

File: ../raw/L1B_Catalogue/2015-11/03/H18/2015-11.03.H18.kmz
-87.626007 29.129454 0
-87.768097 28.547729 0
-88.033455 27.439587 0

File: ../raw/L1B_Catalogue/2015-11/27/H06/2015-11.27.H06.kmz
-89.493126 27.553972 0

File: ../raw/L1B_Catalogue/2015-07/14/H18/2015-07.14.H18.kmz
-89.116241 28.608616 0

File: ../raw/L1B_Catalogue/2015-07/07/H06/2015-07.07.H06.kmz
-88.698555 27.258865 0
-88.841118 27.868315 0
-88.984451 28.477678 0
-89.128571 29.086878 0
-89.052109 28.642111 0

File: ../raw/L1B_Catalogue/2017-02/10/H06/2017-02.10.H06.kmz
-88.007347 27.602669 0
-88.149628 28.184881 0
-88.292694 28.768002 0

File: ../raw/L1B_Catalogue/2017-02/01/H18/2017-02.01.H18.kmz
-87.622543 27.939392 0
-87.764046 27.342484 0

File: ../raw/L1B_Catalogue/2018-04/08/H18/2018-04.08.H18.kmz
-88.746185 28.768564 0
-88.925575 28.184637 0
-89.102806 27.599854 0

File: ../raw/L1B_Catalogue/2018-04/26/H06/2018-04.26.H06.kmz
-87.608871 29.159943 0

File: ../raw/L1B_Catalogue/2018-04/10/H06/2018-04.10.H06.kmz
-87.894386 27.190395 0
-88.036346 27.775515 0
-88.179810 28.361359 0
-88.324821 28.947895 0

File: ../raw/L1B_Catalogue/2018-04/05/H06/2018-04.05.H06.kmz
-87.528389 28.286497 0
-87.674431 28.895510 0
-89.354080 27.545012 0

File: ../raw/L1B_Catalogue/2018-04/13/H18/2018-04.13.H18.kmz
-88.180878 28.727087 0
-88.354050 28.137728 0
-88.525131 27.547874 0

File: ../raw/L1B_Catalogue/2018-04/23/H18/2018-04.23.H18.kmz
-88.096474 28.593155 0

File: ../raw/L1B_Catalogue/2018-04/15/H06/2018-04.15.H06.kmz
-87.933357 27.262981 0
-88.076462 27.836897 0
-88.221405 28.411757 0
-88.368225 28.987526 0

File: ../raw/L1B_Catalogue/2018-04/16/H06/2018-04.16.H06.kmz
-88.152428 27.753056 0
-88.294968 28.353037 0
-88.438057 28.953508 0

File: ../raw/L1B_Catalogue/2015-12/04/H18/2015-12.04.H18.kmz
-88.239014 28.724724 0
-88.397537 28.142702 0
-88.553650 27.561121 0

File: ../raw/L1B_Catalogue/2015-05/27/H06/2015-05.27.H06.kmz
-88.530922 27.244003 0
-88.684792 27.852684 0
-88.839943 28.461048 0
-88.996422 29.069111 0

File: ../raw/L1B_Catalogue/2018-02/18/H06/2018-02.18.H06.kmz
-88.658157 27.468809 0
-88.800400 28.056479 0
-88.943146 28.644989 0

File: ../raw/L1B_Catalogue/2018-02/09/H18/2018-02.09.H18.kmz
-87.771332 28.402529 0
-87.924377 27.810724 0
-88.076256 27.218573 0

File: ../raw/L1B_Catalogue/2018-02/28/H06/2018-02.28.H06.kmz
-88.943581 27.624941 0
-89.089951 28.230579 0
-89.237305 28.836451 0

File: ../raw/L1B_Catalogue/2018-02/12/H06/2018-02.12.H06.kmz
-89.124802 27.741737 0
-89.283195 28.346733 0
-87.520821 28.996572 0

File: ../raw/L1B_Catalogue/2018-02/17/H06/2018-02.17.H06.kmz
-87.842239 27.343023 0
-87.997513 27.951647 0
-88.154114 28.559902 0
-88.312057 29.167799 0

File: ../raw/L1B_Catalogue/2018-02/07/H06/2018-02.07.H06.kmz
-88.809914 27.549709 0
-88.954575 28.140457 0
-89.194298 29.108532 0

File: ../raw/L1B_Catalogue/2016-07/08/H06/2016-07.08.H06.kmz
-87.538551 28.682461 0

File: ../raw/L1B_Catalogue/2016-07/24/H06/2016-07.24.H06.kmz
-89.285980 27.754490 0
-89.430870 28.337944 0

File: ../raw/L1B_Catalogue/2016-07/31/H18/2016-07.31.H18.kmz
-89.449631 28.752502 0

File: ../raw/L1B_Catalogue/2016-07/15/H18/2016-07.15.H18.kmz
-89.197479 29.104111 0
-89.326202 28.505623 0
-89.454987 27.907242 0

File: ../raw/L1B_Catalogue/2018-05/26/H06/2018-05.26.H06.kmz
-87.787506 28.171406 0
-87.943344 28.771387 0

File: ../raw/L1B_Catalogue/2018-05/27/H06/2018-05.27.H06.kmz
-87.638596 27.625193 0
-87.784599 28.214544 0
-87.931641 28.804462 0

File: ../raw/L1B_Catalogue/2018-05/29/H18/2018-05.29.H18.kmz
-88.902496 28.966825 0
-89.032021 28.392593 0
-89.243752 27.450338 0

File: ../raw/L1B_Catalogue/2017-04/30/H18/2017-04.30.H18.kmz
-89.373894 28.715338 0

File: ../raw/L1B_Catalogue/2017-06/16/H18/2017-06.16.H18.kmz
-88.480431 28.648737 0
-88.628105 28.053986 0
-88.774162 27.459759 0
-88.591179 29.030081 0
-88.744499 28.437485 0
-88.896805 27.844011 0
-89.048073 27.249594 0

File: ../raw/L1B_Catalogue/2017-05/08/H06/2017-05.08.H06.kmz
-88.702362 27.361584 0
-88.872139 27.942513 0
-89.043655 28.522480 0
-89.217003 29.101458 0

File: ../raw/L1B_Catalogue/2017-05/09/H06/2017-05.09.H06.kmz
-87.874748 27.360878 0
-88.015312 27.947111 0
-88.156357 28.534174 0
-88.297905 29.121998 0

File: ../raw/L1B_Catalogue/2017-05/24/H06/2017-05.24.H06.kmz
-89.355164 27.625305 0

File: ../raw/L1B_Catalogue/2017-05/31/H18/2017-05.31.H18.kmz
-88.063850 28.992470 0
-88.264175 28.159681 0
-88.410004 27.548971 0

File: ../raw/L1B_Catalogue/2017-05/16/H18/2017-05.16.H18.kmz
-88.467628 28.720659 0
-88.623932 28.111946 0
-88.778816 27.503099 0

File: ../raw/L1B_Catalogue/2016-08/18/H06/2016-08.18.H06.kmz
-89.475822 27.489346 0

File: ../raw/L1B_Catalogue/2016-08/16/H18/2016-08.16.H18.kmz
-88.033775 28.916086 0
-88.185394 28.283880 0

File: ../raw/L1B_Catalogue/2015-10/11/H06/2015-10.11.H06.kmz
-87.570740 28.180372 0
-87.712410 28.765402 0

File: ../raw/L1B_Catalogue/2015-10/18/H18/2015-10.18.H18.kmz
-88.184334 28.786238 0
-88.393959 27.928562 0
-88.537071 27.339691 0

File: ../raw/L1B_Catalogue/2015-10/26/H06/2015-10.26.H06.kmz
-87.535782 27.263262 0
-87.693848 27.852531 0
-87.853134 28.440804 0
-88.013672 29.028055 0
-88.537842 27.757399 0
-88.704956 28.345642 0
-88.873871 28.933336 0

File: ../raw/L1B_Catalogue/2016-12/15/H06/2016-12.15.H06.kmz
-87.893555 27.295818 0
-88.035660 27.889080 0

File: ../raw/L1B_Catalogue/2016-11/21/H18/2016-11.21.H18.kmz
-87.699509 28.870462 0
-87.764778 28.582056 0
-87.830002 28.293314 0
-87.895149 28.004261 0
-87.960220 27.714901 0
-88.025238 27.425240 0

File: ../raw/L1B_Catalogue/2016-11/30/H06/2016-11.30.H06.kmz
-88.115112 27.540785 0
-88.258316 28.144682 0
-88.402115 28.748999 0

File: ../raw/L1B_Catalogue/2016-11/14/H06/2016-11.14.H06.kmz
-87.578552 27.493755 0
-87.774231 28.325415 0
-87.918648 28.934887 0

File: ../raw/L1B_Catalogue/2016-06/05/H18/2016-06.05.H18.kmz
-88.402214 29.028551 0
-88.552185 28.450443 0
-88.700104 27.873123 0
-88.845985 27.296618 0

File: ../raw/L1B_Catalogue/2016-06/30/H18/2016-06.30.H18.kmz
-88.019341 28.791580 0
-88.167999 28.181202 0
-88.315628 27.570761 0

File: ../raw/L1B_Catalogue/2016-06/23/H06/2016-06.23.H06.kmz
-89.238258 27.496010 0
-89.388359 28.085466 0

File: ../raw/L1B_Catalogue/2016-06/07/H06/2016-06.07.H06.kmz
-88.167137 27.485630 0
-88.335876 28.066137 0
-88.506264 28.645746 0

File: ../raw/L1B_Catalogue/2015-06/21/H06/2015-06.21.H06.kmz
-88.441490 27.308167 0
-88.594933 27.909863 0
-88.750214 28.511637 0

File: ../raw/L1B_Catalogue/2015-06/03/H18/2015-06.03.H18.kmz
-88.661804 28.498817 0
-88.806580 27.891508 0
-88.950539 27.284334 0

File: ../raw/L1B_Catalogue/2015-06/28/H18/2015-06.28.H18.kmz
-87.822868 28.827532 0
-87.956490 28.216471 0
-88.089752 27.605131 0

File: ../raw/L1B_Catalogue/2016-10/04/H06/2016-10.04.H06.kmz
-87.542587 28.158405 0
-87.686363 28.764612 0

File: ../raw/L1B_Catalogue/2018-08/08/H06/2018-08.08.H06.kmz
-88.609795 27.678511 0
-88.757256 28.286394 0
-88.905716 28.894361 0

File: ../raw/L1B_Catalogue/2018-08/10/H18/2018-08.10.H18.kmz
-87.966225 29.058754 0
-88.116737 28.472651 0
-88.265739 27.887150 0
-88.413239 27.302288 0

File: ../raw/L1B_Catalogue/2017-03/20/H18/2017-03.20.H18.kmz
-88.033775 29.139442 0
-88.187477 28.549498 0
-88.339760 27.959763 0

File: ../raw/L1B_Catalogue/2017-03/22/H06/2017-03.22.H06.kmz
-87.864243 27.725954 0
-88.042107 28.313948 0
-88.255402 29.008135 0

File: ../raw/L1B_Catalogue/2017-03/04/H18/2017-03.04.H18.kmz
-89.426628 29.063396 0

File: ../raw/L1B_Catalogue/2017-03/05/H18/2017-03.05.H18.kmz
-89.104561 29.182926 0
-89.262726 28.594175 0
-89.433189 27.952185 0

File: ../raw/L1B_Catalogue/2017-03/13/H06/2017-03.13.H06.kmz
-89.446350 27.273062 0

File: ../raw/L1B_Catalogue/2018-03/20/H06/2018-03.20.H06.kmz
-88.178543 27.678349 0

File: ../raw/L1B_Catalogue/2018-03/08/H18/2018-03.08.H18.kmz
-89.311981 28.009512 0

File: ../raw/L1B_Catalogue/2018-03/22/H18/2018-03.22.H18.kmz
-88.383316 28.966454 0
-88.518036 28.353804 0
-88.652420 27.741037 0

File: ../raw/L1B_Catalogue/2018-03/18/H18/2018-03.18.H18.kmz
-89.191650 28.822849 0
-89.357452 28.233706 0

File: ../raw/L1B_Catalogue/2018-03/05/H06/2018-03.05.H06.kmz
-87.552162 27.961843 0
-87.697464 28.563198 0
-87.843643 29.164915 0

File: ../raw/L1B_Catalogue/2018-03/31/H06/2018-03.31.H06.kmz
-88.464714 27.292137 0
-88.609451 27.900700 0
-88.755028 28.508989 0
-88.901482 29.116987 0

File: ../raw/L1B_Catalogue/2018-03/30/H06/2018-03.30.H06.kmz
-87.627693 28.202532 0
-87.778946 28.797829 0

File: ../raw/L1B_Catalogue/2018-03/28/H18/2018-03.28.H18.kmz
-87.944763 28.252096 0
-88.102097 27.660999 0

File: ../raw/L1B_Catalogue/2018-03/25/H06/2018-03.25.H06.kmz
-87.624878 28.473557 0
-87.787415 29.063583 0
-88.715744 27.478319 0
-88.868858 28.077152 0
-89.052559 28.785046 0

File: ../raw/L1B_Catalogue/2018-03/23/H18/2018-03.23.H18.kmz
-88.533257 28.835230 0
-88.695557 28.243715 0
-88.856186 27.651974 0

File: ../raw/L1B_Catalogue/2018-03/15/H06/2018-03.15.H06.kmz
-89.070549 27.714077 0
-89.221886 28.295919 0
-89.375122 28.878315 0

File: ../raw/L1B_Catalogue/2018-06/08/H18/2018-06.08.H18.kmz
-87.524178 27.706388 0

File: ../raw/L1B_Catalogue/2018-06/06/H06/2018-06.06.H06.kmz
-87.505760 27.899204 0
-87.650208 28.487354 0
-87.796265 29.076195 0

File: ../raw/L1B_Catalogue/2018-06/12/H06/2018-06.12.H06.kmz
-88.158386 27.529646 0
-88.288353 28.124233 0
-88.418457 28.718349 0
-88.901398 27.684349 0
-89.044876 28.269794 0
-89.189316 28.856081 0
